-8.038254955175279548e+00
-8.037054766461753985e+00
-8.034543354700666384e+00
-8.031466696957689777e+00
-8.034141813365080154e+00
-8.033918124537565930e+00
-8.028659131362129386e+00
-8.018051531792039555e+00
-7.999572611117101495e+00
-7.972126278695107260e+00
-7.935485438007815695e+00
-7.887527472736041823e+00
-7.828942034999995414e+00
-7.762286030046562146e+00
-7.684905263286864852e+00
-7.588947528541185150e+00
-7.492151712030499233e+00
-7.384375525189936340e+00
-7.263901942576678650e+00
-7.141628419893787161e+00
-7.008245170553882630e+00
-6.875807709076806162e+00
-6.747210682495864198e+00
-6.607619017657953897e+00
-6.464798238783575179e+00
-6.324191499837946928e+00
-6.182120128201370690e+00
-6.043466962210990445e+00
-5.912495621959658720e+00
-5.781995825376199605e+00
-5.640308190485041173e+00
-5.512359001414205650e+00
-5.381847567645962727e+00
-5.246315579012295061e+00
-5.116437947153609223e+00
-4.980695879331243248e+00
-4.849841656643362420e+00
-4.725082435474813991e+00
-4.591080289247551960e+00
-4.454614687867983314e+00
-4.320245981647946820e+00
-4.183893996183774888e+00
-4.049713353270263383e+00
-3.921629285831376599e+00
-3.792640006037662381e+00
-3.651105337124021410e+00
-3.522116290324789123e+00
-3.389679929994628971e+00
-3.251585097118827594e+00
-3.119122052256155797e+00
-2.981115191153058674e+00
-2.848863620941587627e+00
-2.723400652828509294e+00
-2.588869236309921718e+00
-2.451555121879121835e+00
-2.315722454362545424e+00
-2.177308706600818766e+00
-2.040906865507086110e+00
-1.910881477287505792e+00
-1.766787254034894339e+00
-1.638024039887913563e+00
-1.509515038986144031e+00
-1.374048044482604869e+00
-1.245998359703686331e+00
-1.121386973323294178e+00
-9.958496599650670245e-01
-8.807944516763482889e-01
-7.777673082258762527e-01
-6.755309948073175974e-01
-5.813070766296001279e-01
-4.987845220132152146e-01
-4.253991413063629157e-01
-3.629352554721566593e-01
-3.086690004121716568e-01
-2.634118398442499842e-01
-2.268615298385630308e-01
-1.956849816030406530e-01
-1.674883590357729157e-01
-1.442111241761965534e-01
-1.236307903177040896e-01
-1.037764117359834398e-01
-9.214002703573516417e-02
-1.947655657121778905e+00
-1.868177363400539859e+00
-1.729301846624759165e+00
-1.615252279213718722e+00
-1.726351761358376091e+00
-1.871168643493269279e+00
-2.009960121752058626e+00
-2.141193977597030784e+00
-2.280710062393747073e+00
-2.420993811881671398e+00
-2.556860933995858343e+00
-2.691502371102839852e+00
-2.819430574162302250e+00
-2.936003880550156264e+00
-3.046911276641236732e+00
-3.160090400139190070e+00
-3.254529817112318479e+00
-3.342072000418850219e+00
-3.422343501350621597e+00
-3.488135035449218435e+00
-3.544404980941048500e+00
-3.586114201823111802e+00
-3.614211399880675302e+00
-3.631875856853948203e+00
-3.637396522215950334e+00
-3.631725937082295186e+00
-3.615961010719618507e+00
-3.591846776403202490e+00
-3.562051885323642697e+00
-3.526439296454987549e+00
-3.482189386015502208e+00
-3.438268720621750596e+00
-3.390731943202039744e+00
-3.339693542712302232e+00
-3.290447849364512400e+00
-3.239972146824876109e+00
-3.193388050461258398e+00
-3.151285203557337766e+00
-3.108217392439717841e+00
-3.065583803228105975e+00
-3.023670704322165559e+00
-2.980674977244236246e+00
-2.938163548636735012e+00
-2.897679047827574905e+00
-2.856904465398359516e+00
-2.812144025589530916e+00
-2.771368703497563146e+00
-2.729488436727273815e+00
-2.685856612053053816e+00
-2.644060837799115049e+00
-2.600151801319999567e+00
-2.557691630825301043e+00
-2.517730639243754176e+00
-2.476346645918653167e+00
-2.436537185481024270e+00
-2.399648811096600998e+00
-2.363843389596753219e+00
-2.329112971320032255e+00
-2.295381487063357984e+00
-2.255949550898264100e+00
-2.217692233472114527e+00
-2.175448110355609366e+00
-2.125139441196560952e+00
-2.070574870835646397e+00
-2.009258518974442076e+00
-1.937108948059361957e+00
-1.859351202525048263e+00
-1.777411892946460625e+00
-1.680741060314847157e+00
-1.573285665359529961e+00
-1.459321514448128632e+00
-1.336672653235906560e+00
-1.210575098937161753e+00
-1.078333254352380477e+00
-9.450743923213293929e-01
-8.158255676222585517e-01
-6.841956365024216558e-01
-5.424612927866026002e-01
-4.052189059955657036e-01
-2.678529224313902501e-01
-1.243968935493181271e-01
-3.812587655489727001e-02
-1.585611400604380439e+00
-1.586411514805085021e+00
-1.592637493714525121e+00
-1.603905090314384108e+00
-1.584920476747962548e+00
-1.552136667260959335e+00
-1.512262766325073615e+00
-1.466819334516590523e+00
-1.410025782559078511e+00
-1.343650872830377541e+00
-1.269742191965591349e+00
-1.185982622292252486e+00
-1.095778331268019823e+00
-1.006670291977864728e+00
-9.167764330321312993e-01
-8.181355335294620001e-01
-7.282416731008151123e-01
-6.359422983329312551e-01
-5.397069147772364239e-01
-4.474075411613639419e-01
-3.511721594483916409e-01
-2.588727882135791192e-01
-1.715204992993669131e-01
-8.126413140626682907e-02
2.584018034077416662e-03
7.657031742014810960e-02
1.430346075179491638e-01
1.999057919967482388e-01
2.462738474994760618e-01
2.851362974006413364e-01
3.187756128613115081e-01
3.411885089811119709e-01
3.560574947854868721e-01
3.627410393300212199e-01
3.607203514391515986e-01
3.498734197443775784e-01
3.335928591062830018e-01
3.176903700461675140e-01
3.055064524122350633e-01
3.015202747238781011e-01
3.037874553214085505e-01
3.067596568388181177e-01
3.064756984516863181e-01
3.060225604597758831e-01
3.063020933844519678e-01
3.062313454384757438e-01
3.061745336297099218e-01
3.063423996089666979e-01
3.055792610991049374e-01
3.063238471873239721e-01
3.098028550615271604e-01
3.106464279972265818e-01
3.048189831955924189e-01
2.909746192614690585e-01
2.732481662979572845e-01
2.579501541779039009e-01
2.497729803433739182e-01
2.502831064156433860e-01
2.586774395595538012e-01
2.771134548626544847e-01
3.018417405514671747e-01
3.345787215241973200e-01
3.781945685824401049e-01
4.286922947193581024e-01
4.873387221562172078e-01
5.573056025142475445e-01
6.328417747451988706e-01
7.120868539908389305e-01
8.034811798792234061e-01
8.983356932920938398e-01
9.888085583414252255e-01
1.072982477777927324e+00
1.147289191117179419e+00
1.214078934710559832e+00
1.271270521267087616e+00
1.317944349454055919e+00
1.357114728422047722e+00
1.390316708966760295e+00
1.413812728310458233e+00
1.428997842518646699e+00
1.436103683102341710e+00
1.437060224448026169e+00
0.000000000000000000e+00
-6.998170695092600369e-01
-6.999999444811416671e-01
2.051772291072392895e-02
6.999999305219524182e-01
6.999999903348959052e-01
6.999999848585392037e-01
6.999999960941986066e-01
6.999999997628956194e-01
6.999999990624878876e-01
6.999999999999999556e-01
6.999999999999999556e-01
6.999999999999999556e-01
6.999999795131575109e-01
6.999999999999999556e-01
6.999999795132769709e-01
6.999999999999999556e-01
6.999999979770307190e-01
6.999999999999999556e-01
6.999999979770306080e-01
6.999999999999999556e-01
6.999999979770306080e-01
6.999999999999999556e-01
6.999999999999999556e-01
6.999999999999999556e-01
6.999999999999999556e-01
6.999999999999999556e-01
6.999999999999999556e-01
6.999999791913220637e-01
6.999999999999999556e-01
6.999999793114580759e-01
6.999999999999999556e-01
6.999999979517803617e-01
6.999999999999999556e-01
6.999999979706730269e-01
6.999999999999999556e-01
6.999999979757268731e-01
6.999999999999999556e-01
6.999999999999999556e-01
6.999999999999999556e-01
6.999999999999999556e-01
6.999999999999999556e-01
6.999999999999999556e-01
6.999999795111979672e-01
6.999999999999999556e-01
6.999999795111981893e-01
6.999999999999999556e-01
6.999999979764528479e-01
6.999999999999999556e-01
6.999999979764369717e-01
6.999999999999999556e-01
6.999999979762863145e-01
6.999999999999999556e-01
6.999999999999999556e-01
6.999999999999999556e-01
6.999999999999999556e-01
6.999999999999999556e-01
6.999999999999999556e-01
6.999999794087898852e-01
6.999999999999999556e-01
6.999999792929969544e-01
6.999999999999999556e-01
6.999999770581364356e-01
6.999999999999999556e-01
6.999999978694165792e-01
6.999999999999999556e-01
6.999999979009325912e-01
6.999999999999999556e-01
6.999999999999999556e-01
6.999999999999999556e-01
6.999999999999999556e-01
6.999999999999999556e-01
6.999999999999999556e-01
6.999999999999999556e-01
6.999999999999999556e-01
6.999999730014652144e-01
6.999999999999999556e-01
6.999999627884967435e-01
6.999999999999999556e-01
6.999999907242284714e-01
6.999999973380411911e-01
6.701847490911821970e-03
0.000000000000000000e+00
1.950856100309070890e-02
7.369154703466501699e-02
1.357588718289483576e-01
1.952876544303845663e-01
2.573549790770540691e-01
3.168837613619874816e-01
3.733152262843276725e-01
4.336383363741628250e-01
4.949113309735030941e-01
5.552344392543453466e-01
6.165129552712630412e-01
6.585279702021977766e-01
6.644978980620961373e-01
6.644999999999999796e-01
6.644999601263068545e-01
6.644999990650619637e-01
6.644999859477410675e-01
6.644999941324911674e-01
6.644999733858356628e-01
6.644999843540234652e-01
6.644999462131613299e-01
6.587513812552925341e-01
6.170508888849217666e-01
5.558229834108322498e-01
4.954999240315137166e-01
4.342269806017717837e-01
3.739039162992654486e-01
3.163340104692829446e-01
2.583567331083298502e-01
1.947380511185424767e-01
1.367608183364228402e-01
7.723218910893198119e-02
1.516516002318264202e-02
-4.436309303611049581e-02
-1.026143575540755942e-01
-1.252834575348696078e-01
-1.103767137844474944e-01
-5.813688193308112068e-02
2.576403858204939952e-04
2.522271036850260231e-02
9.593200236774604775e-03
-7.399350101131045229e-03
1.290412762413411813e-03
1.113443852643816430e-03
-1.314927573474277637e-03
1.063697415011134566e-03
-9.922794577822647774e-04
-5.665439952852970550e-03
1.929855297126444741e-02
2.164848053284931448e-02
-1.611377384901737861e-02
-7.243771763385434270e-02
-1.178920298273246625e-01
-1.231333398081446984e-01
-8.752304060104357242e-02
-2.655565071308294348e-02
3.376704890371962781e-02
9.133677518269581186e-02
1.553627752226364178e-01
2.129326367871599013e-01
2.709099039750327842e-01
3.328463922176440604e-01
3.925058977543913752e-01
4.520346347452092739e-01
5.141019066695892148e-01
5.736306349864807030e-01
6.294419179746544302e-01
6.624389990866519362e-01
6.595254969305592851e-01
6.193233019223614022e-01
5.580994151733899011e-01
4.977763171122581154e-01
4.365033293960601801e-01
3.761802232544741997e-01
3.186102663489184250e-01
2.606329306720351346e-01
1.986963838537230131e-01
1.390368264915755325e-01
7.950804479712994532e-02
2.170075929597477249e-02
6.701847970010127052e-05
