1.058437728423678559e+00
1.058330781977583124e+00
1.058244842728725654e+00
1.058389101588466552e+00
1.058697432939404770e+00
1.059019777540600504e+00
1.058944989752498067e+00
1.057875789911546738e+00
1.054842795953413237e+00
1.048543224930033713e+00
1.036697948227318200e+00
1.017987199189104519e+00
9.888665348702032620e-01
9.507950479488973539e-01
8.992275356051603330e-01
8.423746139745632577e-01
7.788608840876227735e-01
7.187442258757237301e-01
6.621178385989474613e-01
6.103941671287309578e-01
5.622868503428363196e-01
5.195700616742159328e-01
4.751008791166977385e-01
4.223140996368691669e-01
3.670366645291994745e-01
3.051323880397792676e-01
2.438311995638824115e-01
1.830305687306906792e-01
1.301827156780830663e-01
8.603375306441045367e-02
5.472684475328354337e-02
3.172505110082281254e-02
1.762268367445431888e-02
8.709919057401285108e-03
3.917334087359770206e-03
1.502405309856128879e-03
4.251350364521107403e-04
7.567005066139344130e-05
-2.183519821617251272e-06
-4.790743239242256055e-06
-5.458140770356228783e-06
3.001183444886590834e+00
3.006833934253481111e+00
3.011307151970678220e+00
3.003644975682631113e+00
2.984711438257999117e+00
2.952523146797292775e+00
2.907757580024101784e+00
2.853364225703505674e+00
2.786399418881448042e+00
2.708075015249933770e+00
2.615156820408519600e+00
2.515119696958675100e+00
2.400448017516933596e+00
2.282352585376694165e+00
2.150604101598748041e+00
2.026328067766022034e+00
1.903199144854245795e+00
1.796542956718233164e+00
1.701927507957098795e+00
1.618772053360125529e+00
1.543102264355665776e+00
1.476462924331727100e+00
1.406852518914268657e+00
1.322876785182204973e+00
1.232075106969209077e+00
1.124916682674291568e+00
1.010254842307655387e+00
8.836959887802302571e-01
7.571118768028833879e-01
6.308461578094146649e-01
5.197150148301410422e-01
4.129259477137033896e-01
3.215389775858124022e-01
2.373280371492155483e-01
1.673914845970333187e-01
1.093361693868841605e-01
6.158309504731196427e-02
2.755810842590155837e-02
4.443885232448033760e-03
-5.866914476104351239e-03
-4.454832350037045072e-03
1.589633162849392267e+00
1.589852590265393495e+00
1.590188770080402936e+00
1.588988735143082032e+00
1.584993762233987802e+00
1.576304421987287707e+00
1.561495993813551308e+00
1.540257834734949816e+00
1.510139996824569009e+00
1.470171991818343793e+00
1.416872467604574748e+00
1.355358139447094823e+00
1.290071030810184816e+00
1.229023052497006496e+00
1.167861423693248746e+00
1.116950257180273631e+00
1.073592315587232893e+00
1.042678776722838485e+00
1.021390065496358801e+00
1.008272621801368230e+00
1.001646654466029851e+00
1.000698273413121342e+00
1.004731216959862117e+00
1.015512694311592412e+00
1.033431871433946769e+00
1.061718596240246448e+00
1.099234789574408344e+00
1.148041913028730709e+00
1.203890566950633012e+00
1.266349758688415594e+00
1.327178142472548172e+00
1.391042108299312519e+00
1.443455583020076816e+00
1.486384450133459323e+00
1.517686011627330966e+00
1.540184798084679230e+00
1.555811917448739257e+00
1.564906731304884113e+00
1.569719458039140481e+00
1.571275484075521867e+00
1.571219466967022527e+00
0.000000000000000000e+00
5.213391385798148148e-02
-6.718229677430945582e-03
-6.814143762406685290e-02
-1.265091429861711081e-01
-1.879323511549172154e-01
-2.493555593490551781e-01
-3.079318626302026685e-01
-3.674845146883524150e-01
-4.268417018979597244e-01
-4.882649099984856522e-01
-5.472424610742951945e-01
-6.086656686571589869e-01
-6.670333722857824110e-01
-6.999999999999999556e-01
-6.999999999999999556e-01
-6.465482824371132642e-01
-5.869956357977866857e-01
-5.276384531086615315e-01
-4.686609074434514022e-01
-4.072377099017751023e-01
-3.953745878286447080e-01
-4.537422798581568495e-01
-5.151654816286131977e-01
-5.737417801116139193e-01
-6.351649829306931228e-01
-6.938678630310431972e-01
-6.999999999999999556e-01
-6.841298582349033541e-01
-6.227066531142261274e-01
-5.643389484202342432e-01
-5.029157405323547714e-01
-4.443394373723023039e-01
-3.829162292221856001e-01
-3.233635771701804940e-01
-2.640063899292603988e-01
-2.025831817367886867e-01
-1.436056304486557911e-01
-8.218242233220210413e-02
-2.381471709829723754e-02
3.760371257873342671e-02
0.000000000000000000e+00
5.844333097879221561e-02
1.174208824163258669e-01
1.788440907410175085e-01
2.372117963077174096e-01
2.986350046205912268e-01
3.600582129191626235e-01
4.186345162723525970e-01
4.781871683692686670e-01
5.375443555550587504e-01
5.989675633178894731e-01
5.829846326110579291e-01
5.215614246625432937e-01
4.631937192227624234e-01
4.017705109571196864e-01
3.431942075774970791e-01
2.817709992568272481e-01
2.222183470630348379e-01
1.628611596899243730e-01
1.038836082376076719e-01
4.246039989560768113e-02
-1.896280844691366346e-02
-7.733051403418979286e-02
-1.387537223750295867e-01
-1.973300257898073506e-01
-2.587532341222507637e-01
-3.174561272859793837e-01
-3.776630736522232912e-01
-4.366406250425585167e-01
-4.980638332549918168e-01
-5.564315385487195176e-01
-5.954286184537986859e-01
-5.368548088801796681e-01
-4.754316007735963634e-01
-4.158789486843228467e-01
-3.565217613735970348e-01
-2.950985530768540088e-01
-2.361210016516247512e-01
-1.746977933302144570e-01
-1.163300877584716730e-01
-5.490687943113722186e-02
