0.000000000000000000e+00
6.561206800579028400e-03
2.503619234688543582e-02
5.542467893181264593e-02
9.772453777114678553e-02
1.519262475594944650e-01
2.179991151534697580e-01
2.958633179668649915e-01
3.853402322086637022e-01
4.860721692372904634e-01
5.974018402714480480e-01
7.182020698584351548e-01
8.460492775989142400e-01
9.711266061943988337e-01
1.089985129416484178e+00
1.201605703891443833e+00
1.305031247486973633e+00
1.399374945740197163e+00
1.483827855780874838e+00
1.557665842550563617e+00
1.620255787843637663e+00
1.671061018931224051e+00
1.709645910220728648e+00
1.735679618494368359e+00
1.748938919699198458e+00
1.749310122964789382e+00
1.736790045436952923e+00
1.711486039568884010e+00
1.673615072635710188e+00
1.623501866365081536e+00
1.561576112635396640e+00
1.488368789115447566e+00
1.404507606436758316e+00
1.310711625936479940e+00
1.207785094120607194e+00
1.096610546713439271e+00
9.781412414220860274e-01
8.533929843007092009e-01
7.234354197987156176e-01
5.893828591757229729e-01
4.523847259243554131e-01
3.368142360974127891e-01
1.974767250644841043e-01
5.843712456689220680e-02
-7.949597099760397079e-02
-2.157809159896089124e-01
-3.501134425513303672e-01
-4.823949614456903845e-01
-6.127006379931903002e-01
-7.412479993582454796e-01
-8.683667002729633655e-01
-9.944695769336584501e-01
-1.120024952742580071e+00
-1.245466195585682057e+00
-1.370906930172281379e+00
-1.496347664758880702e+00
-1.621788399345480025e+00
-1.747229133932079348e+00
-1.872669868518678671e+00
-1.998110603105277994e+00
-2.123551337691879315e+00
-2.248992072278480858e+00
-2.374432806865082402e+00
-2.499873541451683945e+00
-2.625314276038285488e+00
-2.750755010624887031e+00
-2.876195745211488575e+00
-3.001636479798090118e+00
-3.125684103148969939e+00
-3.251664754814132863e+00
-3.377645406479295787e+00
-3.503626058144458710e+00
-3.629606709809621634e+00
-3.755587361474784558e+00
-3.881568013139947482e+00
-4.007548664805110405e+00
-4.133529316470273329e+00
-4.259509968135436253e+00
-4.385490619800599177e+00
-4.511471271465762101e+00
-4.637451923130925024e+00
-4.763432574796087948e+00
-4.889413226461250872e+00
-5.015393878126413796e+00
-5.141378109746528757e+00
-5.267563085602784412e+00
-5.394422336460654499e+00
-5.522416615908159798e+00
-5.651943541593633213e+00
-5.783309245423835954e+00
-5.916698729953609792e+00
-6.052144880655008663e+00
-6.189496437396135420e+00
-6.328385603685552141e+00
-6.468196434991443589e+00
-6.608035937790505798e+00
-6.742061642851379766e+00
-6.872814765758758604e+00
-7.000445711128702619e+00
-7.123942685361642546e+00
-7.242326666890886777e+00
-7.354659167370555473e+00
-7.460049671536665095e+00
-7.557662696761851429e+00
-7.646724416339189645e+00
-7.726528793989047905e+00
-7.796443180957711938e+00
-7.855913331336812355e+00
-7.904467795844636768e+00
-7.934949822161041055e+00
-7.960871427218546792e+00
-7.977814462992846245e+00
-7.988314950640711842e+00
-7.994403710454800027e+00
-7.997641282984483624e+00
-7.999170711631212072e+00
-7.999779195813630395e+00
-7.999963673666363739e+00
-7.999997901758995056e+00
-7.999999998520741507e+00
0.000000000000000000e+00
-7.220996440637902827e-07
-2.045075289821071126e-05
-1.490019625554018720e-04
-6.149456138313697277e-04
-1.853193641767201172e-03
-4.572256560552303596e-03
-9.820357332513816873e-03
-1.904840740661987997e-02
-3.416565796564155488e-02
-5.758020979014955715e-02
-9.221103714047287903e-02
-1.410298159138585472e-01
-2.024637707309184798e-01
-2.752038586502529860e-01
-3.586263753164857793e-01
-4.520160207008485642e-01
-5.545720323869149926e-01
-6.654150516470788146e-01
-7.835946634371298014e-01
-9.080975456578151972e-01
-1.037856157808164426e+00
-1.171757894530378152e+00
-1.308654625559905860e+00
-1.447372540281139486e+00
-1.586722212477321925e+00
-1.725508798975242453e+00
-1.862542284737214615e+00
-1.996647686554569923e+00
-2.126675127851879843e+00
-2.251509698216255018e+00
-2.370081013111947410e+00
-2.481372391811194955e+00
-2.584429574845854560e+00
-2.678368906232680757e+00
-2.762384910314398923e+00
-2.835757198249502231e+00
-2.897856644931628534e+00
-2.948150783374965833e+00
-2.986208370311952631e+00
-3.011703083855899798e+00
-3.023191178003401980e+00
-3.025388288529144987e+00
-3.015899952540195272e+00
-2.995936800900508512e+00
-2.966743050562586248e+00
-2.929564794906748926e+00
-2.885628277074830716e+00
-2.836126849369914993e+00
-2.782215322995475582e+00
-2.725010350689906158e+00
-2.665595569277379617e+00
-2.605030246357998180e+00
-2.544228482195940444e+00
-2.483425668886241056e+00
-2.422622855576541667e+00
-2.361820042266842279e+00
-2.301017228957142891e+00
-2.240214415647443502e+00
-2.179411602337744114e+00
-2.118608789028044725e+00
-2.057805975718345337e+00
-1.997003162408645949e+00
-1.936200349098946560e+00
-1.875397535789247172e+00
-1.814594722479547784e+00
-1.753791909169848395e+00
-1.692989095860149007e+00
-1.632861542326814464e+00
-1.571797023938307225e+00
-1.510732505549799987e+00
-1.449667987161292748e+00
-1.388603468772785510e+00
-1.327538950384278271e+00
-1.266474431995771033e+00
-1.205409913607263794e+00
-1.144345395218756556e+00
-1.083280876830249317e+00
-1.022216358441742079e+00
-9.611518400532340634e-01
-9.000873216647257147e-01
-8.390228032762173660e-01
-7.779582848877090173e-01
-7.168937664992006686e-01
-6.558366386536267356e-01
-5.951962198906395329e-01
-5.359820019090246745e-01
-4.792676476603325852e-01
-4.261539605445552326e-01
-3.777768448869007756e-01
-3.353113851083620034e-01
-2.999707789738961239e-01
-2.729987795888773050e-01
-2.556542790358866668e-01
-2.491866974416190317e-01
-2.547983519719336787e-01
-2.724291042424380471e-01
-3.017035031180972382e-01
-3.424921211816920330e-01
-3.944716068935756326e-01
-4.572298931739378069e-01
-5.302694640622538369e-01
-6.130112987722571294e-01
-7.047994618759567675e-01
-8.049063032280431296e-01
-9.125382264083109485e-01
-1.026841979952803685e+00
-1.146911421499982708e+00
-1.271794701229186808e+00
-1.373196198202865981e+00
-1.487018567893677812e+00
-1.590472675648007428e+00
-1.682802050015932416e+00
-1.763587288822150212e+00
-1.832613992654240631e+00
-1.889783364873965033e+00
-1.935055773083355302e+00
-1.968418139198619965e+00
-1.989867241988070301e+00
-1.999402586207099652e+00
0.000000000000000000e+00
-2.738831543887143170e-04
-2.039670305642630500e-03
-6.717268977272716941e-03
-1.572658669278995461e-02
-3.048753097570530701e-02
-5.242000934952978364e-02
-8.294392933777430810e-02
-1.234791984639496965e-01
-1.754457242515673199e-01
-2.402634142241377446e-01
-3.193521759051716202e-01
-4.102412571982749778e-01
-5.028725571982739506e-01
-5.955038571982732565e-01
-6.881351571982733395e-01
-7.807664571982734225e-01
-8.733977571982735055e-01
-9.660290571982735885e-01
-1.058660357198273783e+00
-1.151291657198273644e+00
-1.243922957198273949e+00
-1.336554257198273810e+00
-1.429185557198274115e+00
-1.521816857198273976e+00
-1.614448157198274059e+00
-1.707079457198274142e+00
-1.799710757198274225e+00
-1.892342057198274308e+00
-1.984973357198274391e+00
-2.077604657198274474e+00
-2.170235957198274335e+00
-2.262867257198274640e+00
-2.355498557198274945e+00
-2.448129857198274806e+00
-2.540761157198274667e+00
-2.633392457198274528e+00
-2.726023757198273501e+00
-2.818655057198272473e+00
-2.911286357198271446e+00
-3.003917657198270419e+00
-3.081111894710447885e+00
-3.169168656983175403e+00
-3.248918446528630266e+00
-3.320361263346812031e+00
-3.383497107437721141e+00
-3.438325978801357152e+00
-3.484847877437720953e+00
-3.523062803346812100e+00
-3.552970756528630147e+00
-3.574571736983175541e+00
-3.587865744710447835e+00
-3.592852779710447919e+00
-3.592936419710447637e+00
-3.592936419710447637e+00
-3.592936419710447637e+00
-3.592936419710447637e+00
-3.592936419710447637e+00
-3.592936419710447637e+00
-3.592936419710447637e+00
-3.592936419710447637e+00
-3.592936419710447637e+00
-3.592936419710447637e+00
-3.592936419710447637e+00
-3.592936419710447637e+00
-3.592936419710447637e+00
-3.592936419710447637e+00
-3.592936419710447637e+00
-3.592936419710447637e+00
-3.592936419710447637e+00
-3.592936419710447637e+00
-3.592936419710447637e+00
-3.592936419710447637e+00
-3.592936419710447637e+00
-3.592936419710447637e+00
-3.592936419710447637e+00
-3.592936419710447637e+00
-3.592936419710447637e+00
-3.592936419710447637e+00
-3.592936419710447637e+00
-3.592936419710447637e+00
-3.592936419710447637e+00
-3.592936419710447637e+00
-3.592936419710447637e+00
-3.592434137892266399e+00
-3.585337092437720585e+00
-3.569897319710447992e+00
-3.546114819710448174e+00
-3.513989592437720688e+00
-3.473521637892266423e+00
-3.424710956074084489e+00
-3.367557546983175776e+00
-3.302061410619538950e+00
-3.228222546983175345e+00
-3.146040956074084516e+00
3.227460387469137881e+00
3.317317972813965010e+00
3.406383886607067701e+00
3.495449800400170393e+00
3.584515714193273528e+00
3.673581627986378439e+00
3.762647541779483351e+00
3.851713455572588263e+00
3.940779369365693174e+00
4.029845283158797642e+00
4.118911196951902554e+00
4.207977110745007465e+00
4.297043024538112377e+00
4.386108938331217288e+00
-1.829412180273736643e+00
-1.761164744345053323e+00
-1.706122948933611161e+00
-1.662866886515899534e+00
-1.629976649568407376e+00
-1.606032330567623845e+00
-1.589614021990037429e+00
-1.579301816312137952e+00
-1.573675806010413680e+00
-1.571316083561354215e+00
-1.570802741441448269e+00
1.000000000000000056e-01
1.000000000000000056e-01
1.191810344827586160e-01
1.787499999999999922e-01
2.383189655172413268e-01
2.978879310344826892e-01
3.574568965517240793e-01
4.170258620689654694e-01
4.765948275862068595e-01
5.361637931034481941e-01
5.957327586206896397e-01
6.553017241379309743e-01
6.969999999999999529e-01
6.969999999999999529e-01
6.969999999999999529e-01
6.969999999999999529e-01
6.969999999999999529e-01
6.969999999999999529e-01
6.969999999999999529e-01
6.969999999999999529e-01
6.969999999999999529e-01
6.969999999999999529e-01
6.969999999999999529e-01
6.969999999999999529e-01
6.969999999999999529e-01
6.969999999999999529e-01
6.969999999999999529e-01
6.969999999999999529e-01
6.969999999999999529e-01
6.969999999999999529e-01
6.969999999999999529e-01
6.969999999999999529e-01
6.969999999999999529e-01
6.969999999999999529e-01
6.969999999999999529e-01
6.969999999999999529e-01
6.969999999999999529e-01
6.969999999999999529e-01
6.969999999999999529e-01
6.969999999999999529e-01
6.969999999999999529e-01
6.969999999999999529e-01
6.969999999999999529e-01
6.969999999999999529e-01
6.969999999999999529e-01
6.969999999999999529e-01
6.969999999999999529e-01
6.969999999999999529e-01
6.969999999999999529e-01
6.969999999999999529e-01
6.969999999999999529e-01
6.969999999999999529e-01
6.969999999999999529e-01
6.969999999999999529e-01
6.969999999999999529e-01
6.969999999999999529e-01
6.969999999999999529e-01
6.969999999999999529e-01
6.969999999999999529e-01
6.969999999999999529e-01
6.969999999999999529e-01
6.969999999999999529e-01
6.969999999999999529e-01
6.969999999999999529e-01
6.969999999999999529e-01
6.969999999999999529e-01
6.969999999999999529e-01
6.969999999999999529e-01
6.999999999999999556e-01
6.999999999999999556e-01
6.999999999999999556e-01
6.999999999999999556e-01
6.999999999999999556e-01
6.999999999999999556e-01
6.999999999999999556e-01
6.999999999999999556e-01
6.999999999999999556e-01
6.999999999999999556e-01
6.999999999999999556e-01
6.999999999999999556e-01
6.999999999999999556e-01
6.999999999999999556e-01
6.999999999999999556e-01
6.999999999999999556e-01
6.999999999999999556e-01
6.999999999999999556e-01
6.999999999999999556e-01
6.999999999999999556e-01
6.999999999999999556e-01
6.999999999999999556e-01
6.999999999999999556e-01
6.999999999999999556e-01
6.999999999999999556e-01
6.999999999999999556e-01
6.999999999999999556e-01
6.999999999999999556e-01
6.701724137931034386e-01
6.701724137931034386e-01
6.701724137931034386e-01
6.701724137931034386e-01
6.701724137931034386e-01
6.701724137931034386e-01
6.701724137931034386e-01
6.701724137931034386e-01
6.701724137931034386e-01
6.701724137931034386e-01
6.701724137931034386e-01
6.701724137931034386e-01
6.701724137931034386e-01
6.165603448275861487e-01
5.569913793103448141e-01
4.974224137931034240e-01
4.378534482758620339e-01
3.782844827586206438e-01
3.187155172413793092e-01
2.591465517241379191e-01
1.995775862068965845e-01
1.400086206896552499e-01
1.000000000000000056e-01
1.000000000000000056e-01
0.000000000000000000e+00
-5.963181818181817473e-02
-1.192227272727272719e-01
-1.788136363636363690e-01
-2.384045454545454801e-01
-2.979954545454545634e-01
-3.575863636363636466e-01
-4.171772727272727299e-01
-4.767681818181818132e-01
-5.363590909090909520e-01
-5.959499999999999797e-01
-6.555409090909091185e-01
-6.644999999999999796e-01
-6.644999999999999796e-01
-6.644999999999999796e-01
-6.644999999999999796e-01
-6.644999999999999796e-01
-6.644999999999999796e-01
-6.644999999999999796e-01
-6.644999999999999796e-01
-6.644999999999999796e-01
-6.644999999999999796e-01
-6.644999999999999796e-01
-6.644999999999999796e-01
-6.644999999999999796e-01
-6.644999999999999796e-01
-6.644999999999999796e-01
-6.644999999999999796e-01
-6.644999999999999796e-01
-6.644999999999999796e-01
-6.644999999999999796e-01
-6.644999999999999796e-01
-6.644999999999999796e-01
-6.644999999999999796e-01
-6.644999999999999796e-01
-6.644999999999999796e-01
-6.644999999999999796e-01
-6.644999999999999796e-01
-6.644999999999999796e-01
-6.644999999999999796e-01
-6.644999999999999796e-01
-6.644999999999999796e-01
-6.048681818181818048e-01
-5.452772727272726661e-01
-4.856863636363636383e-01
-4.260954545454544995e-01
-3.665045454545454162e-01
-3.069136363636363329e-01
-2.473227272727272497e-01
-1.877318181818181664e-01
-1.281409090909090276e-01
-6.854999999999999982e-02
-8.959090909090861032e-03
0.000000000000000000e+00
0.000000000000000000e+00
0.000000000000000000e+00
0.000000000000000000e+00
0.000000000000000000e+00
0.000000000000000000e+00
0.000000000000000000e+00
0.000000000000000000e+00
0.000000000000000000e+00
0.000000000000000000e+00
0.000000000000000000e+00
0.000000000000000000e+00
0.000000000000000000e+00
0.000000000000000000e+00
0.000000000000000000e+00
0.000000000000000000e+00
0.000000000000000000e+00
0.000000000000000000e+00
0.000000000000000000e+00
0.000000000000000000e+00
0.000000000000000000e+00
0.000000000000000000e+00
0.000000000000000000e+00
0.000000000000000000e+00
0.000000000000000000e+00
0.000000000000000000e+00
0.000000000000000000e+00
0.000000000000000000e+00
0.000000000000000000e+00
0.000000000000000000e+00
0.000000000000000000e+00
1.791818181818181574e-02
7.750909090909091637e-02
1.370999999999999996e-01
1.966909090909091107e-01
2.562818181818181662e-01
3.158727272727273050e-01
3.754636363636363328e-01
4.350545454545454716e-01
4.946454545454545548e-01
5.542363636363636381e-01
6.138272727272727769e-01
6.644999999999999796e-01
6.644999999999999796e-01
6.644999999999999796e-01
6.644999999999999796e-01
6.644999999999999796e-01
6.644999999999999796e-01
6.644999999999999796e-01
6.644999999999999796e-01
6.644999999999999796e-01
6.644999999999999796e-01
6.644999999999999796e-01
6.644999999999999796e-01
6.644999999999999796e-01
6.644999999999999796e-01
6.167863636363636326e-01
5.571954545454544938e-01
4.976045454545454660e-01
4.380136363636363273e-01
3.784227272727272440e-01
3.188318181818181052e-01
2.592409090909090774e-01
1.996499999999999941e-01
1.400590909090908553e-01
8.046818181818182758e-02
2.087727272727279981e-02
