0.000000000000000000e+00
3.803034532762944344e-07
1.835213154593889239e-05
1.324589241019123536e-04
5.541736473030740243e-04
1.658897418699166373e-03
4.452709588742458438e-03
9.323241353996127023e-03
1.821215570059149177e-02
3.278911816183523176e-02
5.445116691015931820e-02
8.865587209376731004e-02
1.379972412999414810e-01
1.980439151224827055e-01
2.679547610543405733e-01
3.573277160658526741e-01
4.466058595837614775e-01
5.487277885379113762e-01
6.589616398932822694e-01
7.708466176687367444e-01
8.867503773557142699e-01
9.963458772681985653e-01
1.092897308608389961e+00
1.178704849782990394e+00
1.255626615615271113e+00
1.325515570700857459e+00
1.380307911114101449e+00
1.421920796783033847e+00
1.453766827042902055e+00
1.474169031598150381e+00
1.482118934309045510e+00
1.477935243747929395e+00
1.462530492267906990e+00
1.435432772606366036e+00
1.393933816796978142e+00
1.342214077855230059e+00
1.281422644089256213e+00
1.206283328097745855e+00
1.116800882547802853e+00
1.013928130412292905e+00
9.123678329669783205e-01
8.236251136504897374e-01
7.451296823135457048e-01
6.744804951452720854e-01
6.194445131478104605e-01
5.778163163788274659e-01
5.460535042321781329e-01
5.257719989120490656e-01
5.179508020771571575e-01
5.222575240963718279e-01
5.377793258081946526e-01
5.649746440607995579e-01
6.029758351576586239e-01
6.580542888134874868e-01
7.183297624448053975e-01
7.922391793080384437e-01
8.791965008460937980e-01
9.773627453589335268e-01
1.080057646987242492e+00
1.188021168978274700e+00
1.302638172576914499e+00
1.412614933054930244e+00
1.525680031435650452e+00
1.617532779134488008e+00
1.703707121329432805e+00
1.779255992299841438e+00
1.841519758291450204e+00
1.898411338490201272e+00
1.935054371582607846e+00
1.960680849926823566e+00
1.977316872092363731e+00
1.988641936126231080e+00
1.994409633389867320e+00
1.997644099505174520e+00
1.999171492520186666e+00
1.999765973771713279e+00
1.999962779532583390e+00
1.999998050060685983e+00
1.999999998644832910e+00
0.000000000000000000e+00
5.040171190106390239e-03
2.393373321611422244e-02
5.279109696948579289e-02
9.362232073397092069e-02
1.451630636361536386e-01
2.154494399143123962e-01
2.894980035176130673e-01
3.781122545544648439e-01
4.777701266348461373e-01
5.838350622773365028e-01
7.066831872945222859e-01
8.382739233972047455e-01
9.622559164200403803e-01
1.078407113495477798e+00
1.199273070513852568e+00
1.298848637019615282e+00
1.393799150702994316e+00
1.478773787536309392e+00
1.549903890314416888e+00
1.610118865740285177e+00
1.655964637174849319e+00
1.688355378041217048e+00
1.711643736314922171e+00
1.728715717461649648e+00
1.741516950571526667e+00
1.749993519277794007e+00
1.755650702550828779e+00
1.759595744390579419e+00
1.761980160353645353e+00
1.762885225137139411e+00
1.762410840704131676e+00
1.760655115642364210e+00
1.757561708990996951e+00
1.752895264649091400e+00
1.747345094130409837e+00
1.741399833727597102e+00
1.735217345906771236e+00
1.729960659603364759e+00
1.727347060581517546e+00
1.728827887271642272e+00
1.733194746171794698e+00
1.739068054296089683e+00
1.745661020889643478e+00
1.751448297803705811e+00
1.756083085862420567e+00
1.759700578849762387e+00
1.762016507551160238e+00
1.762904771921499414e+00
1.762415683839482439e+00
1.760622629746877665e+00
1.757336925536691519e+00
1.752366397959205901e+00
1.744216663056729510e+00
1.733792734571350636e+00
1.718511883298456500e+00
1.696487867277102657e+00
1.665515525240960581e+00
1.625106950023821106e+00
1.572770132180461022e+00
1.504782145236787105e+00
1.425492775336615114e+00
1.326415380042079484e+00
1.229193669215677076e+00
1.119558727241368068e+00
1.002682413407372408e+00
8.839247343780807231e-01
7.450073599818958225e-01
6.257503529004559972e-01
5.134119737599988076e-01
4.126739903362049988e-01
3.132229766531912651e-01
2.360061429488644058e-01
1.670342508663866521e-01
1.100020033520188040e-01
6.629720932311862491e-02
3.179083320576925331e-02
9.734936635942003508e-03
5.066306574206594620e-04
1.570796326794896336e+00
1.570610893666146035e+00
1.568883855558736107e+00
1.564533034847601201e+00
1.556008520395266936e+00
1.542246052568305048e+00
1.519162673654453899e+00
1.490328321305364190e+00
1.450509588513231529e+00
1.399491877353645553e+00
1.338322962263381211e+00
1.258720786013221460e+00
1.165481295720821597e+00
1.074013943696095819e+00
9.840097401142919864e-01
8.841947149893298885e-01
7.953926690762310736e-01
7.028045595920723310e-01
6.104016669430920583e-01
5.223949724619809665e-01
4.356917430086612031e-01
3.568147182122431982e-01
2.914210585070223236e-01
2.394796557164898809e-01
1.980427129918963525e-01
1.649776582833690775e-01
1.425652597154157819e-01
1.280330679628168267e-01
1.187884722730597753e-01
1.140837204811728789e-01
1.127023407434138702e-01
1.130827252251520448e-01
1.137356650201531150e-01
1.133301762413794489e-01
1.101898731925509967e-01
1.031175583579206495e-01
9.126308108901037830e-02
7.221951756781645748e-02
4.417498979040555829e-02
5.646428064763489921e-03
-3.395831489322970187e-02
-6.351571416218744492e-02
-8.510618633766978136e-02
-1.002701730151447090e-01
-1.087118597115495217e-01
-1.126628212062485285e-01
-1.138253017348797025e-01
-1.133622915597873732e-01
-1.127406912469262751e-01
-1.134385978136061846e-01
-1.167138067899825826e-01
-1.240170182248661324e-01
-1.364509755119370227e-01
-1.579161753531166390e-01
-1.851839321480682754e-01
-2.232403979431088203e-01
-2.738733698544584261e-01
-3.382997221857007020e-01
-4.115176771285584678e-01
-4.911684365964598675e-01
-5.796295115568874667e-01
-6.696336091456003281e-01
-7.694566554292359140e-01
-8.582700286901325804e-01
-9.508687401122396521e-01
-1.043271770769454543e+00
-1.132297865672535764e+00
-1.231984285119877454e+00
-1.312246052308503330e+00
-1.379722212371763845e+00
-1.433546670215466667e+00
-1.480211818643995425e+00
-1.511601225382480429e+00
-1.535559319811464984e+00
-1.551968697837527555e+00
-1.561983915468541095e+00
-1.567870641588984260e+00
-1.570299578990903111e+00
-1.570790288942763402e+00
0.000000000000000000e+00
5.479679063906256475e-02
1.195428140269426953e-01
1.775221911622580084e-01
2.363948334977426513e-01
2.943325984140822138e-01
3.585866804004224084e-01
4.157509337135207317e-01
4.753575891162052369e-01
5.348370116160503507e-01
5.921202042448067138e-01
6.532372659848912910e-01
6.985412876151431139e-01
6.982329997662520826e-01
6.980149255181686829e-01
6.978903160892717672e-01
6.978714947546615921e-01
6.979597574518764391e-01
6.982000556252230261e-01
6.682305647728583597e-01
6.071211322660818865e-01
5.456340626350928424e-01
4.867551832066441264e-01
4.287786509962221437e-01
3.698901247229618439e-01
3.072689298373159072e-01
2.476234612980500183e-01
1.904190024437360240e-01
1.307702651447250064e-01
6.962778179359203901e-02
8.091352427139490017e-03
-5.080442205447244230e-02
-1.087876153165026616e-01
-1.676934413719273764e-01
-2.303505126922176238e-01
-2.900480939808713909e-01
-3.473114433370286802e-01
-4.070026087021073047e-01
-4.682197635519474987e-01
-5.299925485466498998e-01
-4.864683026058502779e-01
-4.283795812134602032e-01
-3.694514127282865212e-01
-3.067694553985465533e-01
-2.470671857582912856e-01
-1.898241952609110439e-01
-1.301526691723684515e-01
-6.899978377910478966e-02
-7.461664174584291265e-03
5.142976435787061790e-02
1.094021165264214557e-01
1.682875503926293537e-01
2.262540948203070057e-01
2.905500556496679598e-01
3.477515498126082516e-01
4.073941331862865889e-01
4.685248851184345975e-01
5.300293461449828714e-01
5.888423517521393924e-01
6.467221261940238053e-01
6.982152027267196637e-01
6.980770658895016911e-01
6.979554950970932037e-01
6.979214277812120226e-01
6.979477775306381915e-01
6.980588501282105618e-01
6.983184445896919446e-01
6.714122557835709992e-01
6.134578940644567213e-01
5.546393730682630530e-01
4.967217334983363708e-01
4.324693062245191233e-01
3.753076360883300655e-01
3.157094155249519640e-01
2.562334748882361124e-01
1.989304900824678257e-01
1.378010513256309744e-01
7.624083219271488021e-02
1.723250175992503685e-02
0.000000000000000000e+00
-5.488947417629841397e-02
-1.197669023375989433e-01
-1.778577779838597106e-01
-2.368361823838648905e-01
-2.948773337123213323e-01
-3.592435384680680022e-01
-4.165015756268327651e-01
-4.761923621637714765e-01
-5.357282643667569122e-01
-5.930445079307981038e-01
-6.541732912545072942e-01
-6.638423997311768687e-01
-6.636757060069420344e-01
-6.636956573425272232e-01
-6.637684984530076715e-01
-6.637712981356690412e-01
-6.637003180520189005e-01
-6.636025664768461230e-01
-6.635703943162548635e-01
-6.636799878472763314e-01
-6.639060572760553391e-01
-6.125130605391254646e-01
-5.545280292622642992e-01
-4.956631721362662613e-01
-4.330232334256073345e-01
-3.733367779757451599e-01
-3.160910263868583758e-01
-2.564051080102654478e-01
-1.952284813083465798e-01
-1.336595522648117429e-01
-7.473414566948657911e-02
-1.672264970283501503e-02
4.220913821437723146e-02
1.048913983356334345e-01
1.646087693270855967e-01
2.218837965406541268e-01
2.815844882428460982e-01
3.428221546668732689e-01
4.046040773105027410e-01
3.611014904968295469e-01
3.029967485416308337e-01
2.440512069973984899e-01
1.813567674436200594e-01
1.216344919629219201e-01
6.436687835383617107e-02
4.666592294475856682e-03
-5.651958332146746200e-02
-1.180939888518887371e-01
-1.770209925423209263e-01
-2.350304891489412296e-01
-2.939554325494881937e-01
-3.519660559487836626e-01
-4.163112380877088126e-01
-4.735430085548823498e-01
-5.331749985418409166e-01
-5.942918931698648599e-01
-6.558922798718376246e-01
-6.637876410537927319e-01
-6.636061511787243461e-01
-6.635800830550528939e-01
-6.636704655481615589e-01
-6.637813052349481602e-01
-6.638120431563669932e-01
-6.637643485617445993e-01
-6.636988449916636501e-01
-6.637339999464468843e-01
-6.634249053297940346e-01
-6.143965071208012940e-01
-5.555458631974724559e-01
-4.975850131998748038e-01
-4.332507257086236629e-01
-3.759947973182379277e-01
-3.162866532259549501e-01
-2.566937362197235784e-01
-1.992738692457701744e-01
-1.380168876529672406e-01
-7.633402166180838777e-02
-1.724269789862030097e-02
