-1.401382753579525076e-01
-1.400780500856678712e-01
-1.399231610800303893e-01
-1.397546695985684151e-01
-1.397674776126144047e-01
-1.404730457208212824e-01
-1.423683720748163406e-01
-1.466927967583383785e-01
-1.544359622264302456e-01
-1.690133028779033098e-01
-1.912471255353066224e-01
-2.231662402021542535e-01
-2.686538649930699241e-01
-3.297561506658423514e-01
-4.034663213111009394e-01
-4.835441187453176082e-01
-5.781661888849400910e-01
-6.829031228987246793e-01
-7.888687082987024812e-01
-9.030307262318640893e-01
-1.017946260414127835e+00
-1.150411174681498672e+00
-1.270675613779371105e+00
-1.399737882257457322e+00
-1.525388916719790267e+00
-1.664359462018252245e+00
-1.796750162953919983e+00
-1.924289275197972771e+00
-2.063993621205902240e+00
-2.195834368381674562e+00
-2.321730741244199425e+00
-2.447807565732274870e+00
-2.580106594638533757e+00
-2.713359752439071126e+00
-2.839154063929079985e+00
-2.971575280404276320e+00
-3.104933501733000867e+00
-3.230723937422864012e+00
-3.353737448130702958e+00
-3.483540002723925610e+00
-3.622294294328739284e+00
-3.745307767089810724e+00
-3.875109676875832854e+00
-3.999949757046040499e+00
-4.136876767296660873e+00
-4.266675772555222679e+00
-4.391589203628408988e+00
-4.517520772442621180e+00
-4.649747707421120424e+00
-4.782053027660476019e+00
-4.905769003507260528e+00
-5.035211139050062457e+00
-5.165266251859816471e+00
-5.288158148818430604e+00
-5.414444128259880529e+00
-5.537606928902015113e+00
-5.676819416260109996e+00
-5.802008780635059537e+00
-5.936082571317917278e+00
-6.066955864795610331e+00
-6.212479252175262978e+00
-6.351935115915481767e+00
-6.486817786158509236e+00
-6.634604734620926259e+00
-6.773336976266904230e+00
-6.904366371563643412e+00
-7.032934094131590541e+00
-7.163380484893442812e+00
-7.288476594985779933e+00
-7.399696162690582391e+00
-7.508650273650696150e+00
-7.608938343213726974e+00
-7.694062750432099307e+00
-7.767726165665246540e+00
-7.834522048292769547e+00
-7.892667223190628079e+00
-7.930425153728521082e+00
-7.957986971302227985e+00
-7.975514707964917349e+00
-7.987466735689989328e+00
-7.993961648861570346e+00
-7.997340676311583962e+00
-7.999012279291186189e+00
-7.999758473042815510e+00
-7.999955735235551479e+00
-7.999996759995621431e+00
-7.999999994914723800e+00
-1.353159084980691367e-03
-7.530507505706839771e-03
-2.499973415231422288e-02
-5.303247360390005161e-02
-9.437401455548732887e-02
-1.518994908726436499e-01
-2.143873876641603782e-01
-2.919933116486311819e-01
-3.777784750651615453e-01
-4.840601428416831942e-01
-5.959693261367910999e-01
-7.127931128946916051e-01
-8.376408335199061472e-01
-9.670833801352647363e-01
-1.090964056267973881e+00
-1.200859740330146419e+00
-1.308264660139597524e+00
-1.407323618712766455e+00
-1.492559509830478692e+00
-1.571827678181895616e+00
-1.641439030459447501e+00
-1.711866286082802890e+00
-1.768687563535213059e+00
-1.823847347920535045e+00
-1.873193331864019484e+00
-1.924283860642917343e+00
-1.970912345187744830e+00
-2.015161287758381103e+00
-2.064214994389010904e+00
-2.112373096138612016e+00
-2.161093884378067820e+00
-2.212152519329010580e+00
-2.266939018020351249e+00
-2.322069855161004170e+00
-2.373822752928189228e+00
-2.428313509951346205e+00
-2.483189945171624835e+00
-2.534952263770549941e+00
-2.585571803060889184e+00
-2.638984763182635085e+00
-2.696080599822687329e+00
-2.746700231326198338e+00
-2.800114758417629801e+00
-2.851487424058215758e+00
-2.907831864320369775e+00
-2.961253448399097987e+00
-3.012447311689865792e+00
-3.063865234944700866e+00
-3.118823937569981553e+00
-3.176186436064612817e+00
-3.232723740929942302e+00
-3.293954462135773475e+00
-3.356256172597467557e+00
-3.414566170164038184e+00
-3.472663053160831570e+00
-3.526388041150728903e+00
-3.582335980684896448e+00
-3.627279753909160576e+00
-3.668773376366486705e+00
-3.701811015857123355e+00
-3.728966888741890973e+00
-3.744595047724859516e+00
-3.749149091853998250e+00
-3.741070835763397717e+00
-3.720083560004517231e+00
-3.687789963223504941e+00
-3.643519705401360831e+00
-3.584590799345970247e+00
-3.512962771230828452e+00
-3.434734114261868143e+00
-3.341901584755456955e+00
-3.238354907968166607e+00
-3.132320242380160824e+00
-3.021610939114057093e+00
-2.898219648221819433e+00
-2.760655612454800512e+00
-2.642620554109335274e+00
-2.526839447332261734e+00
-2.425244028423106712e+00
-2.325687772478764792e+00
-2.243293363870154877e+00
-2.175265803898450034e+00
-2.117935669132486431e+00
-2.067134238671510360e+00
-2.034018433325109676e+00
-2.011926228945173811e+00
-2.000898088856240875e+00
1.580647751810903889e+00
1.580396166191142093e+00
1.578768519390293612e+00
1.574580269622161799e+00
1.565995071058822186e+00
1.550478281546356918e+00
1.529857887997361665e+00
1.499665075629169841e+00
1.461134597301956717e+00
1.406641597501045782e+00
1.341634765290642628e+00
1.265490040275208727e+00
1.177239187284123689e+00
1.082086594169984650e+00
9.862606503245577860e-01
8.958726247310463409e-01
8.018410504824217133e-01
7.149493141840594923e-01
6.411444859541479691e-01
5.739029353147562240e-01
5.167946179018481079e-01
4.621657247852463124e-01
4.217935691031528544e-01
3.874261889404486126e-01
3.623394793072636233e-01
3.437919441203546311e-01
3.348957051690605313e-01
3.343063461704326444e-01
3.426274888664796459e-01
3.592000083101587471e-01
3.782774802649898072e-01
3.899920593934795843e-01
3.937792906764131518e-01
3.905145134652086569e-01
3.903758269229140598e-01
3.903788920504007720e-01
3.903773854547551991e-01
3.903761804173543348e-01
3.903771751505382692e-01
3.903729307426270223e-01
3.903723219119227261e-01
3.903851655098229401e-01
3.903871560283851960e-01
3.903808910661963893e-01
3.903612625663899771e-01
3.904037739677017615e-01
3.872810606646279741e-01
3.893172688359799460e-01
3.999991763912030263e-01
4.195187825021118311e-01
4.364755428673023352e-01
4.457682576015347675e-01
4.462254692840214032e-01
4.385008884017980169e-01
4.224233824608824017e-01
3.989916497784789517e-01
3.636891763248379927e-01
3.243319113554426480e-01
2.745697004476933545e-01
2.187427590989977633e-01
1.485430752485562556e-01
7.330958941830022224e-02
-7.014945854871221416e-03
-1.034674891354502441e-01
-1.967383527248062203e-01
-2.864438549457771765e-01
-3.768318919885292884e-01
-4.719845222089136261e-01
-5.678104770562362180e-01
-6.581985218379798885e-01
-7.533511584641671144e-01
-8.491771178103650897e-01
-9.395651658063126632e-01
-1.027957804128109665e+00
-1.121228719474757218e+00
-1.220511983659638311e+00
-1.301114361106015860e+00
-1.371847627073713660e+00
-1.427031399719332683e+00
-1.474645962857213277e+00
-1.508777826390871546e+00
-1.532890055529740003e+00
-1.549875975115823312e+00
-1.561811527143152745e+00
-1.567553794041464998e+00
-1.570122514110348977e+00
-1.570782400013678970e+00
0.000000000000000000e+00
-6.076724131787861888e-02
-1.190633085441184236e-01
-1.760724291733714586e-01
-2.362278098840646101e-01
-3.005316460502756026e-01
-3.575407652271859194e-01
-4.176961436065182998e-01
-4.755520067815828256e-01
-5.390090911902679638e-01
-5.991644600587572311e-01
-6.570203035531738678e-01
-6.999999855737177867e-01
-6.999998925994581622e-01
-6.999999878858560454e-01
-6.999999860053227607e-01
-6.999998921017120956e-01
-6.999999876537263965e-01
-6.999999856767089579e-01
-6.999998805242244604e-01
-6.999999807507226723e-01
-6.999999856955458899e-01
-6.999999686629061468e-01
-6.999999809216643776e-01
-6.999999877464362363e-01
-6.999999689417224502e-01
-6.999999810989017135e-01
-6.999999878584892699e-01
-6.999999690904001870e-01
-6.999999811657962034e-01
-6.999999878832402489e-01
-6.999999860029646470e-01
-6.999998925912849224e-01
-6.999999878844180845e-01
-6.999999860037662280e-01
-6.999998925918642367e-01
-6.999999878844210821e-01
-6.999999860037662280e-01
-6.999999691056258966e-01
-6.999999811669663785e-01
-6.999999860037662280e-01
-6.999999691056258966e-01
-6.999999811669663785e-01
-6.999999878844211931e-01
-6.999999691056258966e-01
-6.999999811669643801e-01
-6.999999878843701229e-01
-6.999999860031596022e-01
-6.999998925858305077e-01
-6.999999878840239553e-01
-6.999999859961807402e-01
-6.999998924742816264e-01
-6.999999878355795957e-01
-6.999999859124360624e-01
-6.999998816683206115e-01
-6.999999809363111059e-01
-6.999999857499523692e-01
-6.999999685887987599e-01
-6.999999807573641375e-01
-6.999999875568194696e-01
-6.999999685394237003e-01
-6.999999808530277257e-01
-6.999999877636042811e-01
-6.999999691086091769e-01
-6.999999811690702511e-01
-6.999999878860353464e-01
-6.999999860055179379e-01
-6.999998926004050714e-01
-6.999999878860359015e-01
-6.999999860055183820e-01
-6.999998926004076250e-01
-6.999999878860363456e-01
-6.999999860055188261e-01
-6.999999691086118414e-01
-6.999999811689221474e-01
-6.807823325874244880e-01
-6.237732536549220885e-01
-5.636178895558739965e-01
-5.057620308497896566e-01
-4.423049459946875039e-01
-3.821495694410970145e-01
-3.242937055755919507e-01
-2.659976411364678439e-01
-2.006812389260254070e-01
-1.428253741318564474e-01
-8.452930933091737375e-02
-2.316372216346179042e-02
0.000000000000000000e+00
6.076723434374360633e-02
1.190632950327296380e-01
1.760724089398437442e-01
2.362277813246117797e-01
3.005316088675478725e-01
3.575407187990170543e-01
4.176960840585376977e-01
4.755519323852862024e-01
5.390089933601505123e-01
5.991643147222233123e-01
6.571018217246711313e-01
6.644999324099152282e-01
6.644995270970734946e-01
6.644998882794445061e-01
6.644998275347006045e-01
6.335244015421772623e-01
5.717215357346869808e-01
5.134256885567909379e-01
4.538501102194603121e-01
3.962615813611287674e-01
3.319579527916211026e-01
2.749490550236438624e-01
2.147939941611108072e-01
1.569384942461691246e-01
9.348197422373177856e-02
3.332760386871670699e-02
-2.452661746712225463e-02
-8.797932871133677668e-02
-1.480393746208430450e-01
-1.152298378348702024e-01
-5.699075993726062522e-02
4.136094956766383016e-03
1.381551960421998487e-02
-7.083610443714283148e-04
-1.240770231641211997e-04
-7.468219416215473878e-05
1.196231010842380832e-05
2.423598204662324177e-05
3.310418011416087724e-05
-2.734418525772812144e-05
-8.732773093663833623e-05
-4.680631278942909499e-05
1.580013507854359164e-04
6.776988726060554356e-05
7.934491576379872763e-03
1.394556440381885913e-02
-4.402208930948873361e-02
-1.053130510328497416e-01
-1.538511806310861596e-01
-9.551146482554995210e-02
-3.414799470931501046e-02
2.765334273508961160e-02
8.594848041261812788e-02
1.455236470856473008e-01
2.031119475835585497e-01
2.674154755153983487e-01
3.244243657771612721e-01
3.845795184445633952e-01
4.424352046761521606e-01
5.058920983469200605e-01
5.660472329746949471e-01
6.239027669827590383e-01
6.644997152291181042e-01
6.644998461399495016e-01
6.644999147256867023e-01
6.644999288083305311e-01
6.644996900690738340e-01
6.644999605889383432e-01
6.644999645959206447e-01
6.644998193497383410e-01
6.644999788816603470e-01
6.644999801072594137e-01
6.644999642904522164e-01
6.644999808836431487e-01
6.644999878027314510e-01
6.237732540791549596e-01
5.636178992562889123e-01
5.057620420372981318e-01
4.423049572782969951e-01
3.821495801045441398e-01
3.242937153652636351e-01
2.659976498141758405e-01
2.006812459484882682e-01
1.428253795699782613e-01
8.452931290453338797e-02
2.316372317419645999e-02
