4.714111494840798611e-01
4.723287188503701994e-01
4.749305945189156164e-01
4.793060159454491376e-01
4.851651207358814721e-01
4.914467454478042563e-01
4.981891439048078962e-01
5.054822895805298755e-01
5.134153365542283298e-01
5.220763688678381476e-01
5.315520978865537760e-01
5.419275009586799197e-01
5.532742330637978601e-01
5.656046872742328535e-01
5.789104992265496907e-01
5.931825488336108787e-01
6.084110537283939912e-01
6.245855759690346343e-01
6.416950291932146389e-01
6.597276862169898504e-01
6.786711870728543428e-01
6.985125474815230273e-01
7.192381677516352934e-01
7.408338421012721220e-01
7.632847683949033346e-01
7.865755582890847641e-01
8.106902477799589057e-01
8.356123081453217250e-01
8.613246572737625062e-01
8.878096713731062906e-01
9.150491970501373196e-01
9.430245637533209990e-01
9.717165965699983143e-01
1.001105629369280159e+00
1.031171518281631894e+00
1.061893655505910861e+00
1.093250983434393309e+00
1.125222009086106478e+00
1.157784818838577756e+00
1.190917093447896313e+00
1.224596123346800347e+00
1.258798824210298317e+00
1.293501752778155822e+00
1.328681122923407898e+00
1.364312821955877109e+00
1.400372427149524146e+00
1.436835222482305774e+00
1.473676215577063076e+00
1.510870154831829737e+00
1.548391546727817536e+00
1.586214673303218303e+00
1.624313609780842826e+00
1.662662242337515695e+00
1.701234286003046270e+00
1.740003302676508046e+00
1.778942719247475823e+00
1.818025845809802865e+00
1.857225893955450680e+00
1.896515995135835242e+00
1.935869219078103498e+00
1.975258592243715361e+00
2.014657116316682650e+00
2.054037786708790225e+00
2.093373611069116347e+00
2.132637627785165080e+00
2.171802924462931550e+00
2.210842656373228188e+00
2.249730064851636513e+00
2.288438495639464776e+00
2.326941417153144620e+00
2.365212438669547002e+00
2.403225328414741568e+00
2.440954031543818736e+00
2.478372687999431001e+00
2.515455650236830820e+00
2.552177500803244126e+00
2.588513069759532659e+00
2.624437451932208010e+00
2.659926023983967713e+00
2.694954461291056536e+00
2.729498754615880873e+00
2.763535226563452962e+00
2.797040547810381028e+00
2.829991753095284501e+00
2.862366256959678168e+00
2.894141869228520569e+00
2.925296810219836452e+00
2.955809725672974952e+00
2.985659701385273479e+00
3.014826277547099309e+00
3.043289462765438547e+00
3.071029747766424123e+00
3.098028118767407246e+00
3.124266070509408078e+00
3.149725618941017657e+00
3.174389313545046498e+00
3.198240249299484361e+00
3.221262078264560902e+00
3.243439020787971749e+00
3.264755876320589500e+00
3.285198033835244225e+00
3.304751481841431193e+00
3.323402817989088653e+00
3.341139258254850475e+00
3.357948645704489365e+00
3.373819458825540352e+00
3.388740819424389095e+00
3.402702500082419146e+00
3.415694931166101345e+00
3.427709207386225643e+00
3.438737093901774955e+00
3.448771031964262157e+00
3.457804144098656884e+00
3.465830238817353415e+00
3.472843814863947554e+00
3.478840064983916402e+00
3.483814879219612415e+00
3.487764847727315320e+00
3.490687263114412353e+00
3.492580122295104061e+00
3.493396195299469653e+00
3.493367288960209649e+00
3.492413398392284929e+00
3.490627446323336880e+00
3.488102532389536492e+00
3.484931740031682601e+00
3.481208004712019299e+00
3.477024035776743460e+00
3.472472284244222607e+00
3.467644948796578142e+00
3.462634012276505580e+00
3.457531301039752591e+00
3.452412771605589459e+00
3.447294219090316414e+00
3.442175666575043369e+00
3.437057114059770324e+00
3.431938561544497279e+00
3.426820009029224234e+00
3.421701456513951189e+00
3.416582903998678145e+00
3.411464351483405100e+00
3.406345798968132055e+00
3.401227246452859010e+00
3.396108693937585965e+00
3.390990141422312920e+00
3.385871588907039875e+00
3.380753036391766830e+00
3.375634483876493785e+00
3.370515931361220741e+00
3.365397378845947696e+00
3.360278826330674651e+00
3.355160273815401606e+00
3.350041721300128561e+00
3.344923168784855516e+00
3.339804616269582471e+00
3.334686063754309426e+00
3.329567511239036381e+00
3.324448958723763337e+00
3.319330406208490292e+00
3.314211853693217247e+00
3.309093301177944202e+00
3.303974748662671157e+00
3.298856196147398112e+00
3.293737643632125067e+00
3.288619091116852022e+00
3.283500538601578977e+00
3.278381986086305933e+00
3.273263433571032888e+00
3.268144881055759843e+00
3.263026328540486798e+00
3.257907776025213753e+00
3.252789223509940708e+00
3.247932009932188890e+00
3.242735509916683689e+00
3.237539009901178488e+00
3.232342509885673287e+00
3.227146009870168086e+00
3.221949509854662885e+00
3.216753009839157684e+00
3.211556509823652483e+00
3.206360009808147282e+00
3.201163509792642081e+00
3.195967009777136880e+00
3.190770509761631679e+00
3.185574009746126478e+00
3.180377509730621277e+00
3.175181009715116076e+00
3.169984509699610875e+00
3.164788009684105674e+00
3.159591509668600473e+00
3.154395009653095272e+00
3.149198509637590071e+00
3.144002009622084870e+00
3.138805509606579669e+00
3.133609009591074468e+00
3.128412509575569267e+00
3.123216009560064066e+00
3.118019509544558865e+00
3.112823009529053664e+00
3.107626509513548463e+00
3.102430009498043262e+00
3.097233509482538061e+00
3.092037009467032860e+00
3.086840509451527659e+00
3.081644009436022458e+00
3.076447509420517257e+00
3.071251009405012056e+00
3.066054509389506855e+00
3.060858009374001654e+00
3.055661509358496453e+00
3.050465009342991252e+00
3.045268509327486051e+00
3.040072009311980850e+00
3.034875271656116702e+00
3.029648240422646133e+00
3.024303011593180379e+00
3.018745199227927944e+00
3.012880635004474783e+00
3.006615488891290600e+00
2.999856415896486439e+00
2.992510736773273283e+00
2.984486660467292829e+00
2.975693555922842570e+00
2.966042280632277706e+00
2.955445618814217745e+00
2.943839265531219773e+00
2.931219704889271860e+00
2.917595852037641269e+00
2.902977331612653700e+00
2.887374470938324222e+00
2.870798292730566192e+00
2.853260507310143357e+00
2.834773504329856308e+00
2.815350344021812390e+00
2.795004747970963876e+00
2.773751089421426563e+00
2.751604383122431052e+00
2.728580274721085885e+00
2.704695029709428766e+00
2.679965521933596051e+00
2.654409221673211583e+00
2.628044183299423686e+00
2.600889032520306898e+00
2.572962953222642568e+00
2.544285673919370439e+00
2.514877453812282670e+00
2.484759068479815980e+00
2.453951795200044472e+00
2.422477397919243103e+00
2.390358111876643044e+00
2.357616627896241823e+00
2.324276076356759368e+00
2.290360010851073547e+00
2.255892391546668208e+00
2.220897568258860311e+00
2.185400263248753472e+00
2.149425553758080198e+00
2.112998854293262063e+00
2.076145898671211576e+00
2.038892721839550060e+00
2.001265641484097468e+00
1.963291239436614877e+00
1.924996342895941792e+00
1.886408005475793015e+00
1.847553488092602780e+00
1.808460239706919603e+00
1.769155877931956278e+00
1.729668169522993848e+00
1.690025010761424529e+00
1.650254407747288710e+00
1.610384456614232240e+00
1.570443323680856151e+00
1.530459225552487146e+00
1.490460409187420510e+00
1.450475131941719953e+00
1.410531641606673547e+00
1.370658156453005594e+00
1.330882845295943806e+00
1.291233807595223437e+00
1.251739053604089991e+00
1.212426484581321073e+00
1.173323873080247326e+00
1.134458843328699507e+00
1.095858851713738868e+00
1.057551167384962243e+00
1.019562852990078428e+00
9.819207455563715436e-01
9.446514375315545609e-01
9.077812579974058327e-01
8.713362540694642444e-01
8.353421724959182448e-01
7.998244414686889181e-01
7.648081526595661428e-01
7.303180434940750310e-01
6.963784796756022910e-01
6.630134379721287496e-01
6.302464892777248640e-01
5.981007819607813136e-01
5.665990255107310469e-01
5.357634744948227556e-01
5.056159128362736066e-01
4.761776384249132299e-01
4.474694480711860489e-01
4.195116228141453352e-01
3.923239135938150213e-01
3.659255272980441731e-01
3.403351131937075724e-01
3.155707497518422944e-01
2.916499318760248372e-01
2.685895585430120303e-01
2.464059208643782917e-01
2.251146905775807117e-01
2.047309089745861233e-01
1.852689762758761294e-01
1.667426414573447424e-01
1.491649925372657837e-01
1.325484473302005473e-01
1.169047446743738394e-01
1.022449361387132161e-01
8.857937821541761458e-02
7.591772500356075426e-02
6.426892138890938355e-02
5.364119672476341805e-02
4.404205901829127967e-02
3.547828962646115691e-02
2.795593846531918558e-02
2.148031973599695554e-02
1.674449427064473098e-02
1.216142688562375090e-02
8.479267875365232091e-03
5.604809561449233118e-03
3.444028510493600537e-03
1.902343164934247599e-03
8.848111157130217341e-04
2.962738429371954141e-04
5.532402548053677593e-05
4.305497445095118891e-06
1.801380713345457352e-08
3.543047393006959478e+00
3.549554896885607658e+00
3.567880480817375854e+00
3.598011286569917200e+00
3.636610872697315866e+00
3.675506675085219221e+00
3.714325154156791875e+00
3.753043816870153648e+00
3.791636312369277562e+00
3.830071818844363651e+00
3.868314445119859002e+00
3.906322651516825228e+00
3.944052234354129993e+00
3.981471898002261867e+00
4.018555947091654978e+00
4.055278963424583161e+00
4.091615776262868209e+00
4.127541479580436601e+00
4.163031449134446227e+00
4.198061359343263632e+00
4.232607199959737443e+00
4.266645292528333577e+00
4.300152306614850595e+00
4.333105275797602296e+00
4.365481613409087913e+00
4.397259128017376284e+00
4.428416038636590280e+00
4.458930989656051835e+00
4.488783065477879752e+00
4.517951804852978981e+00
4.546417214905625670e+00
4.574159784837003251e+00
4.601160499298321938e+00
4.627400851424344097e+00
4.652862855518387519e+00
4.677529059380098886e+00
4.701382556267569512e+00
4.724406996485573274e+00
4.746586598591998829e+00
4.767906160214781863e+00
4.788351068471941474e+00
4.807907309987555777e+00
4.826561480496831535e+00
4.844300794033670421e+00
4.861113091694444499e+00
4.876986849971967963e+00
4.891911188653954135e+00
4.905875878280544278e+00
4.918871347155796769e+00
4.930888687908336898e+00
4.941919663596650025e+00
4.951956713354864981e+00
4.960992957575128592e+00
4.969022202623035511e+00
4.976038945082881249e+00
4.982038375529813656e+00
4.987016381826322231e+00
4.990969551940779070e+00
4.993895176286124560e+00
4.995791249577067994e+00
4.996656472204560551e+00
4.996490251126569859e+00
4.995292700274565512e+00
4.993064640475429528e+00
4.989807598888839735e+00
4.985523807960527520e+00
4.980216203892108062e+00
4.973888424628546190e+00
4.966544807364630998e+00
4.958190385572171621e+00
4.948830885549946323e+00
4.938472722498777223e+00
4.927122996124412957e+00
4.914789485771239974e+00
4.901480645090154908e+00
4.887205596244251105e+00
4.871974123656292122e+00
4.855796667302263003e+00
4.838684315555585869e+00
4.820648797586913226e+00
4.801702475324705510e+00
4.781858334982097780e+00
4.761129978155878462e+00
4.739531612503658842e+00
4.717078042005646843e+00
4.693784656817680201e+00
4.669667422722485028e+00
4.644742870186392203e+00
4.619028083028999809e+00
4.592540686713558529e+00
4.565298836266107330e+00
4.537321203831626626e+00
4.508626965875755843e+00
4.479235790040835496e+00
4.449167821665280798e+00
4.418443669975543386e+00
4.387084393960104300e+00
4.355111487935196202e+00
4.322546866812141175e+00
4.289412851076400024e+00
4.255732151488641257e+00
4.221527853518296070e+00
4.186823401520290311e+00
4.151642582665779457e+00
4.116009510637918645e+00
4.079948609103826840e+00
4.043484594974085411e+00
4.006642461461244586e+00
3.969447460948936524e+00
3.931925087683358466e+00
3.894101060298969852e+00
3.856001304190393775e+00
3.817651933742598036e+00
3.779079234431539813e+00
3.740309644807538803e+00
3.701369738373732510e+00
3.662286205372030423e+00
3.623085834489053081e+00
3.583795494494595335e+00
3.544442115825199302e+00
3.509526672610703280e+00
3.470127725051715739e+00
3.430740132620663019e+00
3.391381324245990925e+00
3.352062856215622944e+00
3.312791066013835106e+00
3.273567729288019201e+00
3.234390717257491943e+00
3.195254652867557610e+00
3.156151564756981998e+00
3.117071538754788484e+00
3.078003367242333255e+00
3.038937261013769042e+00
2.999871157802053379e+00
2.960805054590337715e+00
2.921738951378622051e+00
2.882672848166906387e+00
2.843606744955190724e+00
2.804540641743475060e+00
2.765474538531759396e+00
2.726408435320043733e+00
2.687342332108328069e+00
2.648276228896612405e+00
2.609210125684896742e+00
2.570144022473181078e+00
2.531077919261465414e+00
2.492011816049749751e+00
2.452945712838034087e+00
2.413879609626318423e+00
2.374813506414602760e+00
2.335747403202887096e+00
2.296681299991171432e+00
2.257615196779455768e+00
2.218549093567740105e+00
2.179482990356024441e+00
2.140416887144308777e+00
2.101350783932593114e+00
2.062284680720877450e+00
2.023218577509161786e+00
1.984152474297446123e+00
1.945086371085730459e+00
1.906020267874014795e+00
1.866954164662299132e+00
1.827888061450583468e+00
1.788821958238867804e+00
1.749755855027152140e+00
1.710689751815436477e+00
1.671623648603720813e+00
1.632557545392005149e+00
1.593491442180289486e+00
1.554425338968573822e+00
1.515359235756858158e+00
1.478287738221371495e+00
1.438626719732319259e+00
1.398965701243267024e+00
1.359304682754214788e+00
1.319643664265162553e+00
1.279982645776110317e+00
1.240321627287058082e+00
1.200660608798005846e+00
1.160999590308953611e+00
1.121338571819901375e+00
1.081677553330849140e+00
1.042016534841796904e+00
1.002355516352744669e+00
9.626944978636934325e-01
9.230334793746423072e-01
8.833724608855911820e-01
8.437114423965400567e-01
8.040504239074889314e-01
7.643894054184378062e-01
7.247283869293866809e-01
6.850673684403355557e-01
6.454063499512844304e-01
6.057453314622333052e-01
5.660843129731821799e-01
5.264232944841310546e-01
4.867622759950798739e-01
4.471012575060287486e-01
4.074402390169776234e-01
3.677792205279264981e-01
3.281182020388753728e-01
2.884571835498242476e-01
2.487961650607731223e-01
2.091351465717217195e-01
1.694741280826703167e-01
1.298131095936189139e-01
9.015209110456762209e-02
5.049107261551633724e-02
1.083005412646500555e-02
-2.883096436258631573e-02
-6.849198285163764222e-02
-1.081530013406889063e-01
-1.478139886836034034e-01
-1.874709871986051102e-01
-2.271121986540628468e-01
-2.667241163559217476e-01
-3.062917146888710640e-01
-3.457977777664182906e-01
-3.852222322877367766e-01
-4.245414867680950000e-01
-4.637277797260914158e-01
-5.027485401153122258e-01
-5.415657641085618312e-01
-5.801354265104917696e-01
-6.184133361473647117e-01
-6.563692644313962044e-01
-6.939763972146257842e-01
-7.312081667573507859e-01
-7.680382704970337704e-01
-8.044406896298743614e-01
-8.403897074919182142e-01
-8.758599277267181682e-01
-9.108262922267121864e-01
-9.452640988356431073e-01
-9.791490187995159911e-01
-1.012457113953764587e+00
-1.045164853634480862e+00
-1.077249131301767360e+00
-1.108687280863461577e+00
-1.139457092687707229e+00
-1.169536829293055025e+00
-1.198905240705010256e+00
-1.227541579468179878e+00
-1.255425615303412235e+00
-1.282537649399575042e+00
-1.308858528329874371e+00
-1.334369657582886726e+00
-1.359053014698738737e+00
-1.382891162001162577e+00
-1.405867258916425167e+00
-1.427965073870432589e+00
-1.449168995755603984e+00
-1.469464044959412519e+00
-1.488835883946805883e+00
-1.507270827389026291e+00
-1.524755851831676834e+00
-1.541278604895202964e+00
-1.556827414001290988e+00
-1.571391294619017165e+00
-1.584959958024921844e+00
-1.597523818571527920e+00
-1.609074000459167930e+00
-1.619602344006334294e+00
-1.629101411414126899e+00
-1.637564492020720630e+00
-1.644985607042145803e+00
-1.651359513796028189e+00
-1.656681709405306790e+00
-1.660948433979314132e+00
-1.664156673269967746e+00
-1.666304160801201473e+00
-1.667389379470127775e+00
-1.667411562618801746e+00
-1.666370694575831868e+00
-1.664267510667449379e+00
-1.661103496698034920e+00
-1.656880887900463950e+00
-1.651602667357016552e+00
-1.645272563891963413e+00
-1.637895049437321893e+00
-1.629475335873635800e+00
-1.620019371348019543e+00
-1.609533836072059687e+00
-1.598026137602547525e+00
-1.585504405608375134e+00
-1.571977486127292378e+00
-1.557454935316579636e+00
-1.541947012702055808e+00
-1.525464673930186921e+00
-1.508019563028416332e+00
-1.489624004179184835e+00
-1.470290993013454450e+00
-1.450034187429881882e+00
-1.428867897946130450e+00
-1.406807077589135035e+00
-1.383867311331466565e+00
-1.360064805081251160e+00
-1.335416374233428849e+00
-1.309939431790438258e+00
-1.283651976060715461e+00
-1.256572577943704028e+00
-1.228720367810353542e+00
-1.200115021988376052e+00
-1.170776748861811045e+00
-1.140726274594714873e+00
-1.109984828489062547e+00
-1.078574127987205422e+00
-1.046516363329480059e+00
-1.013834181877804719e+00
-9.805506721163439465e-01
-9.466893473405365578e-01
-9.122741290460151253e-01
-8.773293300291507002e-01
-8.418796372111611026e-01
-8.059500941979165223e-01
-7.695660835877636829e-01
-7.327533090398675730e-01
-6.955377771157377209e-01
-6.579457789067678641e-01
-6.200038714607678525e-01
-5.817388590206099552e-01
-5.431777740882424155e-01
-5.043478583274487725e-01
-4.652765433188429389e-01
-4.259914311806981546e-01
-3.865202750692969813e-01
-3.524232108461930468e-01
-3.126876319885981692e-01
-2.728582829283880407e-01
-2.329623435588289715e-01
-1.930212470187379903e-01
-1.530513386170096468e-01
-1.130645442788902333e-01
-7.306904518693863038e-02
-3.737243198132084165e-02
-1.349437346928950010e-02
-1.553749996213993345e-03
1.430828287402979404e+00
1.430553937616047655e+00
1.428784857431388833e+00
1.424098313894457846e+00
1.415828604721162121e+00
1.405144130630253674e+00
1.392111774721163098e+00
1.376731536993890170e+00
1.359003417448435558e+00
1.338927416084799482e+00
1.316503532902982387e+00
1.291731767902983163e+00
1.265574107902982526e+00
1.239392807902981453e+00
1.213211507902980379e+00
1.187030207902979306e+00
1.160848907902978233e+00
1.134667607902977160e+00
1.108486307902976087e+00
1.082305007902975014e+00
1.056123707902973941e+00
1.029942407902972867e+00
1.003761107902971794e+00
9.775798079029707210e-01
9.513985079029696479e-01
9.252172079029685747e-01
8.990359079029675016e-01
8.728546079029664284e-01
8.466733079029653553e-01
8.204920079029642821e-01
7.943107079029632089e-01
7.681294079029621358e-01
7.419481079029610626e-01
7.157668079029599895e-01
6.895855079029589163e-01
6.634042079029578431e-01
6.372229079029567700e-01
6.110416079029556968e-01
5.848603079029546237e-01
5.586790079029535505e-01
5.324977079029524774e-01
5.063164079029514042e-01
4.801351079029503310e-01
4.539538079029492579e-01
4.277725079029481847e-01
4.015912079029471116e-01
3.754099079029460384e-01
3.492286079029449652e-01
3.230473079029438921e-01
2.968660079029428189e-01
2.706847079029417458e-01
2.445034079029406726e-01
2.183221079029395995e-01
1.921408079029385263e-01
1.659595079029374531e-01
1.397782079029363800e-01
1.135969079029353068e-01
8.741560790293423366e-02
6.123430790293316051e-02
3.505300790293208735e-02
8.871707902931014189e-03
-1.730959209707005897e-02
-4.349089209707113213e-02
-6.967219209707220529e-02
-9.585349209707327844e-02
-1.220347920970743516e-01
-1.482160920970754248e-01
-1.743973920970764979e-01
-2.005786920970775711e-01
-2.267599920970786442e-01
-2.529412920970797174e-01
-2.791225920970807906e-01
-3.053038920970818637e-01
-3.314851920970829369e-01
-3.576664920970840100e-01
-3.838477920970850832e-01
-4.100290920970861563e-01
-4.362103920970872295e-01
-4.623916920970883027e-01
-4.885729920970893758e-01
-5.147542920970904490e-01
-5.409355920970915221e-01
-5.671168920970925953e-01
-5.932981920970926693e-01
-6.194794920970926322e-01
-6.456607920970925951e-01
-6.718420920970925581e-01
-6.980233920970925210e-01
-7.242046920970924839e-01
-7.503859920970924469e-01
-7.765672920970924098e-01
-8.027485920970923727e-01
-8.289298920970923357e-01
-8.551111920970922986e-01
-8.812924920970922615e-01
-9.074737920970922245e-01
-9.336550920970921874e-01
-9.598363920970921503e-01
-9.860176920970921133e-01
-1.012198992097092187e+00
-1.038380292097091928e+00
-1.064561592097092113e+00
-1.090742892097091854e+00
-1.116924192097092039e+00
-1.143105492097091780e+00
-1.169286792097091965e+00
-1.195468092097091706e+00
-1.221649392097091891e+00
-1.247830692097091632e+00
-1.274011992097091817e+00
-1.300193292097091557e+00
-1.326374592097091742e+00
-1.352555892097091483e+00
-1.378737192097091668e+00
-1.404918492097091409e+00
-1.431099792097091594e+00
-1.457281092097091335e+00
-1.483462392097091520e+00
-1.509643692097091483e+00
-1.535824992097091446e+00
-1.559009523518827267e+00
-1.583663088518827422e+00
-1.605968771700645448e+00
-1.625926573064282010e+00
-1.643536492609736444e+00
-1.658798530337009192e+00
-1.671712686246100033e+00
-1.682278960337008966e+00
-1.690497352609736437e+00
-1.696367863064282000e+00
-1.699890491700645434e+00
-1.701065238518827405e+00
-1.701077058518827290e+00
-1.701077058518827290e+00
-1.701077058518827290e+00
-1.701077058518827290e+00
-1.701077058518827290e+00
-1.701077058518827290e+00
-1.701077058518827290e+00
-1.701077058518827290e+00
-1.701077058518827290e+00
-1.701077058518827290e+00
-1.701077058518827290e+00
-1.701077058518827290e+00
-1.701077058518827290e+00
-1.701077058518827290e+00
-1.701077058518827290e+00
-1.701077058518827290e+00
-1.701077058518827290e+00
-1.701077058518827290e+00
-1.701077058518827290e+00
-1.701077058518827290e+00
-1.701077058518827290e+00
-1.701077058518827290e+00
-1.701077058518827290e+00
-1.701077058518827290e+00
-1.701077058518827290e+00
-1.701077058518827290e+00
-1.701077058518827290e+00
-1.701077058518827290e+00
-1.701077058518827290e+00
-1.701077058518827290e+00
-1.701077058518827290e+00
-1.701077058518827290e+00
-1.701077058518827290e+00
-1.701077058518827290e+00
-1.701077058518827290e+00
-1.701077058518827290e+00
-1.701077058518827290e+00
-1.701077058518827290e+00
-1.701077058518827290e+00
-1.701077058518827290e+00
-1.701077058518827290e+00
-1.701077058518827290e+00
-1.701077058518827290e+00
-1.701077058518827290e+00
-1.701077058518827290e+00
-1.701077058518827290e+00
-1.701077058518827290e+00
-1.701077058518827290e+00
-1.701077058518827290e+00
-1.701077058518827290e+00
-1.701077058518827290e+00
-1.701077058518827290e+00
-1.701077058518827290e+00
-1.701077058518827290e+00
-1.701077058518827290e+00
-1.701077058518827290e+00
-1.701077058518827290e+00
-1.701077058518827290e+00
-1.701077058518827290e+00
-1.701077058518827290e+00
-1.701077058518827290e+00
-1.701077058518827290e+00
-1.701077058518827290e+00
-1.701077058518827290e+00
-1.701077058518827290e+00
-1.701077058518827290e+00
-1.701077058518827290e+00
-1.701077058518827290e+00
-1.701077058518827290e+00
-1.701077058518827290e+00
-1.701077058518827290e+00
-1.701077058518827290e+00
-1.701077058518827290e+00
-1.701077058518827290e+00
-1.701077058518827290e+00
-1.701077058518827290e+00
-1.701077058518827290e+00
-1.701077058518827290e+00
-1.701077058518827290e+00
-1.701077058518827290e+00
-1.701077058518827290e+00
-1.701148894882463569e+00
-1.702938258518827297e+00
-1.707111258518827279e+00
-1.713667894882463738e+00
-1.722608167609736451e+00
-1.733932076700645419e+00
-1.747639622155190864e+00
-1.763730803973372563e+00
-1.782205622155190960e+00
-1.803064076700645391e+00
-1.826306167609736075e+00
-1.851908058518827005e+00
-1.878488058518826831e+00
-1.905068058518826657e+00
-1.931648058518826705e+00
-1.958228058518826753e+00
-1.984808058518826579e+00
-2.011388058518826405e+00
-2.037968058518826453e+00
-2.064548058518826501e+00
-2.091128058518826549e+00
-2.117708058518827485e+00
-2.144288058518827533e+00
-2.170868058518828470e+00
-2.197448058518828518e+00
-2.224028058518829454e+00
-2.250608058518829502e+00
-2.277188058518830438e+00
-2.303768058518830486e+00
-2.330348058518831422e+00
-2.356928058518831470e+00
-2.383508058518832406e+00
-2.410088058518832455e+00
-2.436668058518833391e+00
-2.463248058518833439e+00
-2.489828058518834375e+00
-2.516408058518834423e+00
-2.542988058518835359e+00
-2.569568058518835407e+00
-2.596148058518836343e+00
-2.622728058518836391e+00
-2.649308058518837328e+00
-2.675888058518837376e+00
-2.702468058518838312e+00
-2.729048058518838360e+00
-2.755628058518839296e+00
-2.782208058518839344e+00
-2.808788058518840280e+00
-2.835368058518840328e+00
-2.861948058518841265e+00
-2.888528058518841313e+00
-2.915108058518842249e+00
-2.941688058518842297e+00
-2.968268058518843233e+00
-2.994848058518843281e+00
-3.021428058518844217e+00
-3.048008058518844265e+00
-3.074588058518845202e+00
-3.101168058518845250e+00
-3.127748058518846186e+00
-3.154328058518846234e+00
-3.180908058518847170e+00
-3.207488058518847218e+00
-3.234068058518848154e+00
-3.260648058518848202e+00
-3.287228058518849139e+00
-3.313808058518849187e+00
-3.340388058518850123e+00
-3.366968058518850171e+00
-3.393548058518851107e+00
-3.420128058518851155e+00
-3.446708058518852091e+00
-3.473288058518852139e+00
-3.499868058518853076e+00
-3.526448058518853124e+00
-3.553028058518854060e+00
-3.579608058518853664e+00
-3.606188058518851935e+00
-3.632768058518850207e+00
-3.659348058518848479e+00
-3.685928058518846751e+00
-3.712508058518845022e+00
-3.739088058518843294e+00
-3.765668058518841566e+00
-3.792248058518839837e+00
-3.818828058518838109e+00
-3.845408058518836381e+00
-3.871988058518834652e+00
-3.898568058518832924e+00
-3.925148058518831196e+00
-3.951728058518829467e+00
-3.978308058518827739e+00
-4.004888058518826455e+00
-4.031468058518823838e+00
-4.058048058518822998e+00
-4.084628058518820382e+00
-4.111208058518819541e+00
-4.137788058518816925e+00
-4.164368058518816085e+00
-4.190948058518813468e+00
-4.217528058518812628e+00
-4.244108058518810012e+00
-4.270688058518809171e+00
-4.297268058518806555e+00
-4.323848058518805715e+00
-4.350428058518803098e+00
-4.377008058518802258e+00
-4.403588058518799642e+00
-4.430168058518798802e+00
-4.456748058518796185e+00
-4.483328058518795345e+00
-4.509908058518792728e+00
-4.536488058518791888e+00
-4.563068058518789272e+00
1.697743298749441632e+00
1.673906116931259680e+00
1.652452571476714205e+00
1.633382662385805206e+00
1.616696389658532462e+00
1.602393753294896195e+00
1.590474753294896182e+00
1.580939389658532424e+00
1.574501403669896105e+00
1.571596389167055241e+00
1.570825904493759806e+00
1.000000000000000056e-01
1.000000000000000056e-01
1.194062500000000054e-01
1.790937500000000238e-01
1.970000000000000084e-01
1.970000000000000084e-01
1.970000000000000084e-01
1.970000000000000084e-01
1.970000000000000084e-01
1.970000000000000084e-01
1.970000000000000084e-01
1.970000000000000084e-01
1.970000000000000084e-01
1.970000000000000084e-01
1.970000000000000084e-01
1.970000000000000084e-01
1.970000000000000084e-01
1.970000000000000084e-01
1.970000000000000084e-01
1.970000000000000084e-01
1.970000000000000084e-01
1.970000000000000084e-01
1.970000000000000084e-01
1.970000000000000084e-01
1.970000000000000084e-01
1.970000000000000084e-01
1.970000000000000084e-01
1.970000000000000084e-01
1.970000000000000084e-01
1.970000000000000084e-01
1.970000000000000084e-01
1.970000000000000084e-01
1.970000000000000084e-01
1.970000000000000084e-01
1.970000000000000084e-01
1.970000000000000084e-01
1.970000000000000084e-01
1.970000000000000084e-01
1.970000000000000084e-01
1.970000000000000084e-01
1.970000000000000084e-01
1.970000000000000084e-01
1.970000000000000084e-01
1.970000000000000084e-01
1.970000000000000084e-01
1.970000000000000084e-01
1.970000000000000084e-01
1.970000000000000084e-01
1.970000000000000084e-01
1.970000000000000084e-01
1.970000000000000084e-01
1.970000000000000084e-01
1.970000000000000084e-01
1.970000000000000084e-01
1.970000000000000084e-01
1.970000000000000084e-01
1.970000000000000084e-01
1.970000000000000084e-01
1.970000000000000084e-01
1.970000000000000084e-01
1.970000000000000084e-01
1.970000000000000084e-01
1.970000000000000084e-01
1.970000000000000084e-01
1.970000000000000084e-01
1.970000000000000084e-01
1.970000000000000084e-01
1.970000000000000084e-01
1.970000000000000084e-01
1.970000000000000084e-01
1.970000000000000084e-01
1.970000000000000084e-01
1.970000000000000084e-01
1.970000000000000084e-01
1.970000000000000084e-01
1.970000000000000084e-01
1.970000000000000084e-01
1.970000000000000084e-01
1.970000000000000084e-01
1.970000000000000084e-01
1.970000000000000084e-01
1.970000000000000084e-01
1.970000000000000084e-01
1.970000000000000084e-01
1.970000000000000084e-01
1.970000000000000084e-01
1.970000000000000084e-01
1.970000000000000084e-01
1.970000000000000084e-01
1.970000000000000084e-01
1.970000000000000084e-01
1.970000000000000084e-01
1.970000000000000084e-01
1.970000000000000084e-01
1.970000000000000084e-01
1.970000000000000084e-01
1.970000000000000084e-01
1.970000000000000084e-01
1.970000000000000084e-01
1.970000000000000084e-01
1.970000000000000084e-01
1.970000000000000084e-01
1.970000000000000084e-01
1.970000000000000084e-01
1.970000000000000084e-01
1.970000000000000084e-01
1.970000000000000084e-01
1.970000000000000084e-01
1.970000000000000084e-01
1.970000000000000084e-01
1.970000000000000084e-01
1.970000000000000084e-01
1.970000000000000084e-01
1.970000000000000084e-01
1.970000000000000084e-01
1.970000000000000084e-01
1.970000000000000084e-01
1.970000000000000084e-01
1.970000000000000084e-01
1.970000000000000084e-01
1.970000000000000084e-01
1.970000000000000084e-01
1.970000000000000084e-01
1.970000000000000084e-01
1.970000000000000084e-01
1.970000000000000084e-01
1.970000000000000084e-01
1.970000000000000084e-01
1.970000000000000084e-01
1.970000000000000084e-01
1.970000000000000084e-01
1.970000000000000084e-01
1.970000000000000084e-01
1.970000000000000084e-01
1.970000000000000084e-01
1.970000000000000084e-01
1.970000000000000084e-01
1.970000000000000084e-01
1.970000000000000084e-01
1.970000000000000084e-01
1.970000000000000084e-01
1.970000000000000084e-01
1.970000000000000084e-01
1.970000000000000084e-01
1.970000000000000084e-01
1.970000000000000084e-01
1.970000000000000084e-01
1.970000000000000084e-01
1.970000000000000084e-01
1.970000000000000084e-01
1.970000000000000084e-01
1.970000000000000084e-01
1.970000000000000084e-01
1.970000000000000084e-01
1.970000000000000084e-01
1.970000000000000084e-01
1.970000000000000084e-01
1.970000000000000084e-01
1.970000000000000084e-01
1.970000000000000084e-01
1.970000000000000084e-01
1.970000000000000084e-01
1.970000000000000084e-01
1.970000000000000084e-01
1.970000000000000084e-01
1.970000000000000084e-01
1.970000000000000084e-01
1.970000000000000084e-01
1.970000000000000084e-01
1.970000000000000084e-01
1.970000000000000084e-01
1.970000000000000084e-01
2.000000000000000111e-01
2.000000000000000111e-01
2.000000000000000111e-01
2.000000000000000111e-01
2.000000000000000111e-01
2.000000000000000111e-01
2.000000000000000111e-01
2.000000000000000111e-01
2.000000000000000111e-01
2.000000000000000111e-01
2.000000000000000111e-01
2.000000000000000111e-01
2.000000000000000111e-01
2.000000000000000111e-01
2.000000000000000111e-01
2.000000000000000111e-01
2.000000000000000111e-01
2.000000000000000111e-01
2.000000000000000111e-01
2.000000000000000111e-01
2.000000000000000111e-01
2.000000000000000111e-01
2.000000000000000111e-01
2.000000000000000111e-01
2.000000000000000111e-01
2.000000000000000111e-01
2.000000000000000111e-01
2.000000000000000111e-01
2.000000000000000111e-01
2.000000000000000111e-01
2.000000000000000111e-01
2.000000000000000111e-01
2.000000000000000111e-01
2.000000000000000111e-01
2.000000000000000111e-01
2.000000000000000111e-01
2.000000000000000111e-01
2.000000000000000111e-01
2.000000000000000111e-01
2.000000000000000111e-01
2.000000000000000111e-01
2.000000000000000111e-01
2.000000000000000111e-01
2.000000000000000111e-01
2.000000000000000111e-01
2.000000000000000111e-01
2.000000000000000111e-01
2.000000000000000111e-01
2.000000000000000111e-01
2.000000000000000111e-01
2.000000000000000111e-01
2.000000000000000111e-01
2.000000000000000111e-01
2.000000000000000111e-01
2.000000000000000111e-01
2.000000000000000111e-01
2.000000000000000111e-01
2.000000000000000111e-01
2.000000000000000111e-01
2.000000000000000111e-01
2.000000000000000111e-01
2.000000000000000111e-01
2.000000000000000111e-01
2.000000000000000111e-01
2.000000000000000111e-01
2.000000000000000111e-01
2.000000000000000111e-01
2.000000000000000111e-01
2.000000000000000111e-01
2.000000000000000111e-01
2.000000000000000111e-01
2.000000000000000111e-01
2.000000000000000111e-01
2.000000000000000111e-01
2.000000000000000111e-01
2.000000000000000111e-01
2.000000000000000111e-01
2.000000000000000111e-01
2.000000000000000111e-01
2.000000000000000111e-01
2.000000000000000111e-01
2.000000000000000111e-01
2.000000000000000111e-01
2.000000000000000111e-01
2.000000000000000111e-01
2.000000000000000111e-01
2.000000000000000111e-01
2.000000000000000111e-01
2.000000000000000111e-01
2.000000000000000111e-01
2.000000000000000111e-01
2.000000000000000111e-01
2.000000000000000111e-01
2.000000000000000111e-01
2.000000000000000111e-01
2.000000000000000111e-01
2.000000000000000111e-01
2.000000000000000111e-01
2.000000000000000111e-01
2.000000000000000111e-01
2.000000000000000111e-01
2.000000000000000111e-01
2.000000000000000111e-01
2.000000000000000111e-01
2.000000000000000111e-01
2.000000000000000111e-01
2.000000000000000111e-01
2.000000000000000111e-01
2.000000000000000111e-01
2.000000000000000111e-01
2.000000000000000111e-01
2.000000000000000111e-01
2.000000000000000111e-01
2.000000000000000111e-01
2.000000000000000111e-01
2.000000000000000111e-01
2.000000000000000111e-01
2.000000000000000111e-01
2.000000000000000111e-01
2.000000000000000111e-01
2.000000000000000111e-01
2.000000000000000111e-01
2.000000000000000111e-01
2.000000000000000111e-01
2.000000000000000111e-01
2.000000000000000111e-01
2.000000000000000111e-01
2.000000000000000111e-01
2.000000000000000111e-01
2.000000000000000111e-01
2.000000000000000111e-01
2.000000000000000111e-01
2.000000000000000111e-01
2.000000000000000111e-01
2.000000000000000111e-01
2.000000000000000111e-01
2.000000000000000111e-01
2.000000000000000111e-01
2.000000000000000111e-01
2.000000000000000111e-01
2.000000000000000111e-01
2.000000000000000111e-01
2.000000000000000111e-01
2.000000000000000111e-01
2.000000000000000111e-01
2.000000000000000111e-01
2.000000000000000111e-01
2.000000000000000111e-01
2.000000000000000111e-01
2.000000000000000111e-01
2.000000000000000111e-01
2.000000000000000111e-01
2.000000000000000111e-01
2.000000000000000111e-01
2.000000000000000111e-01
2.000000000000000111e-01
2.000000000000000111e-01
2.000000000000000111e-01
2.000000000000000111e-01
2.000000000000000111e-01
2.000000000000000111e-01
2.000000000000000111e-01
2.000000000000000111e-01
1.522187500000000138e-01
1.000000000000000056e-01
1.000000000000000056e-01
0.000000000000000000e+00
-5.963181818181817473e-02
-1.192227272727272719e-01
-1.788136363636363690e-01
-2.384045454545454801e-01
-2.979954545454545634e-01
-3.575863636363636466e-01
-4.171772727272727299e-01
-4.767681818181818132e-01
-5.363590909090909520e-01
-5.959499999999999797e-01
-6.555409090909091185e-01
-6.644999999999999796e-01
-6.644999999999999796e-01
-6.644999999999999796e-01
-6.644999999999999796e-01
-6.644999999999999796e-01
-6.644999999999999796e-01
-6.644999999999999796e-01
-6.644999999999999796e-01
-6.644999999999999796e-01
-6.644999999999999796e-01
-6.644999999999999796e-01
-6.644999999999999796e-01
-6.644999999999999796e-01
-6.644999999999999796e-01
-6.644999999999999796e-01
-6.644999999999999796e-01
-6.644999999999999796e-01
-6.644999999999999796e-01
-6.644999999999999796e-01
-6.644999999999999796e-01
-6.644999999999999796e-01
-6.644999999999999796e-01
-6.644999999999999796e-01
-6.644999999999999796e-01
-6.644999999999999796e-01
-6.644999999999999796e-01
-6.644999999999999796e-01
-6.644999999999999796e-01
-6.644999999999999796e-01
-6.644999999999999796e-01
-6.644999999999999796e-01
-6.644999999999999796e-01
-6.644999999999999796e-01
-6.644999999999999796e-01
-6.644999999999999796e-01
-6.644999999999999796e-01
-6.644999999999999796e-01
-6.644999999999999796e-01
-6.644999999999999796e-01
-6.644999999999999796e-01
-6.644999999999999796e-01
-6.644999999999999796e-01
-6.644999999999999796e-01
-6.644999999999999796e-01
-6.644999999999999796e-01
-6.644999999999999796e-01
-6.644999999999999796e-01
-6.644999999999999796e-01
-6.644999999999999796e-01
-6.644999999999999796e-01
-6.644999999999999796e-01
-6.644999999999999796e-01
-6.644999999999999796e-01
-6.644999999999999796e-01
-6.644999999999999796e-01
-6.644999999999999796e-01
-6.644999999999999796e-01
-6.644999999999999796e-01
-6.644999999999999796e-01
-6.644999999999999796e-01
-6.644999999999999796e-01
-6.644999999999999796e-01
-6.644999999999999796e-01
-6.644999999999999796e-01
-6.644999999999999796e-01
-6.644999999999999796e-01
-6.644999999999999796e-01
-6.644999999999999796e-01
-6.644999999999999796e-01
-6.644999999999999796e-01
-6.644999999999999796e-01
-6.644999999999999796e-01
-6.644999999999999796e-01
-6.644999999999999796e-01
-6.644999999999999796e-01
-6.644999999999999796e-01
-6.644999999999999796e-01
-6.644999999999999796e-01
-6.644999999999999796e-01
-6.644999999999999796e-01
-6.644999999999999796e-01
-6.644999999999999796e-01
-6.644999999999999796e-01
-6.644999999999999796e-01
-6.644999999999999796e-01
-6.644999999999999796e-01
-6.644999999999999796e-01
-6.644999999999999796e-01
-6.644999999999999796e-01
-6.644999999999999796e-01
-6.644999999999999796e-01
-6.644999999999999796e-01
-6.644999999999999796e-01
-6.644999999999999796e-01
-6.644999999999999796e-01
-6.644999999999999796e-01
-6.644999999999999796e-01
-6.644999999999999796e-01
-6.644999999999999796e-01
-6.644999999999999796e-01
-6.644999999999999796e-01
-6.644999999999999796e-01
-6.644999999999999796e-01
-6.644999999999999796e-01
-6.644999999999999796e-01
-6.644999999999999796e-01
-6.644999999999999796e-01
-6.644999999999999796e-01
-6.584999999999999742e-01
-5.989090909090908355e-01
-5.393181818181818077e-01
-4.797272727272726689e-01
-4.201363636363636411e-01
-3.605454545454545578e-01
-3.009545454545454191e-01
-2.413636363636362803e-01
-1.817727272727272525e-01
-1.221818181818181692e-01
-6.259090909090914145e-02
-3.000000000000002665e-03
0.000000000000000000e+00
0.000000000000000000e+00
0.000000000000000000e+00
0.000000000000000000e+00
0.000000000000000000e+00
0.000000000000000000e+00
0.000000000000000000e+00
0.000000000000000000e+00
0.000000000000000000e+00
0.000000000000000000e+00
0.000000000000000000e+00
0.000000000000000000e+00
0.000000000000000000e+00
0.000000000000000000e+00
0.000000000000000000e+00
0.000000000000000000e+00
0.000000000000000000e+00
0.000000000000000000e+00
0.000000000000000000e+00
0.000000000000000000e+00
0.000000000000000000e+00
0.000000000000000000e+00
0.000000000000000000e+00
0.000000000000000000e+00
0.000000000000000000e+00
0.000000000000000000e+00
0.000000000000000000e+00
0.000000000000000000e+00
0.000000000000000000e+00
0.000000000000000000e+00
0.000000000000000000e+00
0.000000000000000000e+00
0.000000000000000000e+00
0.000000000000000000e+00
0.000000000000000000e+00
0.000000000000000000e+00
0.000000000000000000e+00
0.000000000000000000e+00
0.000000000000000000e+00
0.000000000000000000e+00
0.000000000000000000e+00
0.000000000000000000e+00
0.000000000000000000e+00
0.000000000000000000e+00
0.000000000000000000e+00
0.000000000000000000e+00
0.000000000000000000e+00
0.000000000000000000e+00
0.000000000000000000e+00
0.000000000000000000e+00
0.000000000000000000e+00
0.000000000000000000e+00
0.000000000000000000e+00
0.000000000000000000e+00
0.000000000000000000e+00
0.000000000000000000e+00
0.000000000000000000e+00
0.000000000000000000e+00
0.000000000000000000e+00
0.000000000000000000e+00
0.000000000000000000e+00
0.000000000000000000e+00
0.000000000000000000e+00
0.000000000000000000e+00
0.000000000000000000e+00
0.000000000000000000e+00
0.000000000000000000e+00
0.000000000000000000e+00
0.000000000000000000e+00
0.000000000000000000e+00
0.000000000000000000e+00
0.000000000000000000e+00
0.000000000000000000e+00
0.000000000000000000e+00
0.000000000000000000e+00
0.000000000000000000e+00
0.000000000000000000e+00
0.000000000000000000e+00
0.000000000000000000e+00
0.000000000000000000e+00
0.000000000000000000e+00
-1.195909090909090880e-02
-7.154999999999998861e-02
-1.311409090909090858e-01
-1.907318181818181690e-01
-2.503227272727273078e-01
-3.099136363636363911e-01
-3.695045454545454744e-01
-4.290954545454545577e-01
-4.886863636363636409e-01
-5.482772727272727797e-01
-6.078681818181818075e-01
-6.614999999999999769e-01
-6.644999999999999796e-01
-6.644999999999999796e-01
-6.644999999999999796e-01
-6.644999999999999796e-01
-6.644999999999999796e-01
-6.644999999999999796e-01
-6.644999999999999796e-01
-6.644999999999999796e-01
-6.644999999999999796e-01
-6.644999999999999796e-01
-6.644999999999999796e-01
-6.644999999999999796e-01
-6.644999999999999796e-01
-6.644999999999999796e-01
-6.644999999999999796e-01
-6.644999999999999796e-01
-6.644999999999999796e-01
-6.644999999999999796e-01
-6.644999999999999796e-01
-6.644999999999999796e-01
-6.644999999999999796e-01
-6.644999999999999796e-01
-6.644999999999999796e-01
-6.644999999999999796e-01
-6.644999999999999796e-01
-6.644999999999999796e-01
-6.644999999999999796e-01
-6.644999999999999796e-01
-6.644999999999999796e-01
-6.644999999999999796e-01
-6.644999999999999796e-01
-6.644999999999999796e-01
-6.644999999999999796e-01
-6.644999999999999796e-01
-6.644999999999999796e-01
-6.644999999999999796e-01
-6.644999999999999796e-01
-6.644999999999999796e-01
-6.644999999999999796e-01
-6.644999999999999796e-01
-6.644999999999999796e-01
-6.644999999999999796e-01
-6.644999999999999796e-01
-6.644999999999999796e-01
-6.644999999999999796e-01
-6.644999999999999796e-01
-6.644999999999999796e-01
-6.644999999999999796e-01
-6.644999999999999796e-01
-6.644999999999999796e-01
-6.644999999999999796e-01
-6.644999999999999796e-01
-6.644999999999999796e-01
-6.644999999999999796e-01
-6.644999999999999796e-01
-6.644999999999999796e-01
-6.644999999999999796e-01
-6.644999999999999796e-01
-6.644999999999999796e-01
-6.644999999999999796e-01
-6.644999999999999796e-01
-6.644999999999999796e-01
-6.644999999999999796e-01
-6.644999999999999796e-01
-6.644999999999999796e-01
-6.644999999999999796e-01
-6.644999999999999796e-01
-6.644999999999999796e-01
-6.644999999999999796e-01
-6.644999999999999796e-01
-6.644999999999999796e-01
-6.644999999999999796e-01
-6.644999999999999796e-01
-6.644999999999999796e-01
-6.644999999999999796e-01
-6.644999999999999796e-01
-6.644999999999999796e-01
-6.644999999999999796e-01
-6.644999999999999796e-01
-6.644999999999999796e-01
-6.644999999999999796e-01
-6.644999999999999796e-01
-6.644999999999999796e-01
-6.644999999999999796e-01
-6.644999999999999796e-01
-6.644999999999999796e-01
-6.644999999999999796e-01
-6.644999999999999796e-01
-6.644999999999999796e-01
-6.644999999999999796e-01
-6.644999999999999796e-01
-6.644999999999999796e-01
-6.644999999999999796e-01
-6.644999999999999796e-01
-6.644999999999999796e-01
-6.644999999999999796e-01
-6.644999999999999796e-01
-6.644999999999999796e-01
-6.644999999999999796e-01
-6.644999999999999796e-01
-6.644999999999999796e-01
-6.644999999999999796e-01
-6.287045454545454604e-01
-5.691136363636363216e-01
-5.095227272727272938e-01
-4.499318181818181550e-01
-3.903409090909090717e-01
-3.307499999999999885e-01
-2.711590909090908497e-01
-2.115681818181818219e-01
-1.519772727272726831e-01
-9.238636363636354432e-02
-3.279545454545451655e-02
