7.280344905939750699e-02
7.272576573152356172e-02
7.248926502387408044e-02
7.200379000171483468e-02
7.103990548057523280e-02
6.916110479055463667e-02
6.565644955021500417e-02
5.947453347184514932e-02
4.916087854454944533e-02
3.280310585758925562e-02
7.991905923116094518e-03
-2.816628689855638079e-02
-6.309201025216476522e-02
-1.092328047741220054e-01
-1.555022743382198647e-01
-1.996650449042552122e-01
-2.400499528705706820e-01
-2.754480283454242007e-01
-3.050220581630920802e-01
-3.282278319795696175e-01
-3.447449703915465014e-01
-3.544144763216660610e-01
-3.572493909608951412e-01
-3.541483407049882404e-01
-3.441540389211798501e-01
-3.272020739391660604e-01
-3.031206894186810330e-01
-2.715789709847744038e-01
-2.320392377563790798e-01
-1.837180705656530910e-01
-1.255617362772980528e-01
-5.624427938551276873e-02
2.580016387172877693e-02
1.222949662497406914e-01
2.346079671370179254e-01
3.563735334036154390e-01
4.838849246346146327e-01
6.160488040971925372e-01
7.517319426517892200e-01
8.897709355392353636e-01
1.028982177906437423e+00
1.147023860921718041e+00
1.285851611356978008e+00
1.422436276091664453e+00
1.555596624385327198e+00
1.684181040153398978e+00
1.807077481535666719e+00
1.922263283151090407e+00
2.021542222299633096e+00
2.105849995241954709e+00
2.177065097534104154e+00
2.236833018352472280e+00
2.286566181437283074e+00
2.327402706106737718e+00
2.360202529894662504e+00
2.385568408922656314e+00
2.403882866653030526e+00
2.415354846475040507e+00
2.420071798444952016e+00
2.418824010018787884e+00
2.411079464103165648e+00
2.396639495692749033e+00
2.375622390437637232e+00
2.348287751640543153e+00
2.315096838468894358e+00
2.276778389302894556e+00
2.234402677161918760e+00
2.189466133655034508e+00
2.143987272729684257e+00
2.100706101294222083e+00
2.065410206200368748e+00
2.043439109606068893e+00
2.024947440770524576e+00
2.013354178873802969e+00
2.006532568051694110e+00
2.002834282563497492e+00
2.001039357409607256e+00
2.000295880451967268e+00
2.000055030736422435e+00
2.000004283216178624e+00
2.000000017932672680e+00
7.886343840350517774e-04
7.349381330584894845e-03
2.582286358468105503e-02
5.620774372133504476e-02
9.849918474868997464e-02
1.526824687598522801e-01
2.187183157847620574e-01
2.965139243971062211e-01
3.858721619036878381e-01
4.864100088868940075e-01
5.974366020174403102e-01
7.177889843193723252e-01
8.101285234509283395e-01
9.127282592536754002e-01
1.001983864221702714e+00
1.078759286583249155e+00
1.143853533970146108e+00
1.197934989562735142e+00
1.241515001546665609e+00
1.274948784603856744e+00
1.298454331076325019e+00
1.312142376174214364e+00
1.316150122608125361e+00
1.311767283664989625e+00
1.297666313276394146e+00
1.273894100163743603e+00
1.240574339386860681e+00
1.197951343178463413e+00
1.146439294900552630e+00
1.086681942506286136e+00
1.019627693239600674e+00
9.466250271069980293e-01
8.695417978619535138e-01
7.909088900337911676e-01
7.141843649680001960e-01
6.464229024334424700e-01
5.902151268202548984e-01
5.460429874284551399e-01
5.142852349100301979e-01
4.952141737002546673e-01
4.889933271640085621e-01
4.938264413276847176e-01
5.115104445783791309e-01
5.420145036721883969e-01
5.850748091076567459e-01
6.403189606847154991e-01
7.072691881485577703e-01
7.846348877667845834e-01
8.647391903202582553e-01
9.437530155056434999e-01
1.019052484984043661e+00
1.088643110269787995e+00
1.151079987526218096e+00
1.205341663546076081e+00
1.250728942565791257e+00
1.286785456041428244e+00
1.313235151426219938e+00
1.329931564622772955e+00
1.336814305390849889e+00
1.334992924288763927e+00
1.323681522468453942e+00
1.302516668233720587e+00
1.271418184082002911e+00
1.230213304806631269e+00
1.178605513833153040e+00
1.116152396863804519e+00
1.042258646983315717e+00
9.561924989776856565e-01
8.571363528571485091e-01
7.445670571254547898e-01
6.285574861221423504e-01
5.349568216911144702e-01
4.293499659054399453e-01
3.347513405866185954e-01
2.516342258950629018e-01
1.802449053369327703e-01
1.206995113962745503e-01
7.304611521774895255e-02
3.730131160777161448e-02
1.346948121133229037e-02
1.551379306552247428e-03
1.582525971201549586e+00
1.582800811553216613e+00
1.584573353475672297e+00
1.589269299969579885e+00
1.598314354035603069e+00
1.613134218674404430e+00
1.635154596886647438e+00
1.665801191672995341e+00
1.706499706034110275e+00
1.758675842970657044e+00
1.823755305483298228e+00
1.902156899186464578e+00
1.961860855564280470e+00
2.023857794745676841e+00
2.073249605353639335e+00
2.111468666741522338e+00
2.139947358262680233e+00
2.160118059270467850e+00
2.173413149118239129e+00
2.181265007159348901e+00
2.185106012747151105e+00
2.186368545235000571e+00
2.186485704713252876e+00
2.186688492346481549e+00
2.188241193259491180e+00
2.192563714940525710e+00
2.201075964913096428e+00
2.215197850700714177e+00
2.236349279826889802e+00
2.265950159815134146e+00
2.305420398188958941e+00
2.356179902471873699e+00
2.419648580187391484e+00
2.497246338859022696e+00
-3.695721475268056722e+00
-3.603090175268057749e+00
-3.510458875268058776e+00
-3.417827575268059803e+00
-3.325196275268060830e+00
-3.232564975268061858e+00
-3.139933675268062885e+00
-3.061409083174942314e+00
-2.968379083174941702e+00
-2.875349083174941089e+00
-2.782319083174940477e+00
-2.689289083174939865e+00
-2.596259083174939253e+00
-2.504023046105973815e+00
-2.422596802174938890e+00
-2.355733826136537701e+00
-2.301934499863026673e+00
-2.259778915830894963e+00
-2.227847166516631727e+00
-2.204719344396725678e+00
-2.188975541947665970e+00
-2.179195851645941762e+00
-2.173960365968042208e+00
-2.171849177390456020e+00
-2.171442378389672356e+00
-2.171428282375893026e+00
-2.170757372770938165e+00
-2.168029769024704123e+00
-2.161827829356140374e+00
-2.150733911984195057e+00
-2.133330375127818090e+00
-2.108199577005956726e+00
-2.073923875837559994e+00
-2.029085629841577365e+00
-1.972267197236957648e+00
4.380770049075202621e+00
4.453305574445892034e+00
-1.773405245027654953e+00
-1.715923248432827508e+00
-1.670492607872482882e+00
-1.635695581967310241e+00
-1.610114429338000086e+00
-1.592331408605241361e+00
-1.580928778389724121e+00
-1.574488797312137756e+00
-1.571593723993172320e+00
-1.570825817053517204e+00
1.000000000000000056e-01
1.000000000000000056e-01
1.191810344827586160e-01
1.787499999999999922e-01
2.383189655172413268e-01
2.978879310344826892e-01
3.574568965517240793e-01
4.170258620689654694e-01
4.765948275862068595e-01
5.361637931034481941e-01
5.957327586206896397e-01
6.553017241379309743e-01
5.954943884189979331e-01
5.356464703968769614e-01
4.757985523747559342e-01
4.159506343526349070e-01
3.561027163305138798e-01
2.962547983083928527e-01
2.364068802862718810e-01
1.765589622641508538e-01
1.167110442420299377e-01
1.000000000000000056e-01
1.000000000000000056e-01
-1.000000000000000056e-01
-1.132241379310344742e-01
-1.727931034482758366e-01
-2.323620689655172267e-01
-2.919310344827585890e-01
-3.514999999999999791e-01
-4.110689655172413692e-01
-4.706379310344826483e-01
-5.302068965517240384e-01
-5.897758620689653730e-01
-6.493448275862068186e-01
-6.969999999999999529e-01
-6.969999999999999529e-01
-6.969999999999999529e-01
-6.969999999999999529e-01
-6.969999999999999529e-01
-6.969999999999999529e-01
-6.969999999999999529e-01
-6.999999999999999556e-01
-6.999999999999999556e-01
-6.999999999999999556e-01
-6.999999999999999556e-01
-6.999999999999999556e-01
-6.999999999999999556e-01
-6.701724137931034386e-01
-6.106034482758619930e-01
-5.510344827586206584e-01
-4.914655172413792683e-01
-4.318965517241379337e-01
-3.723275862068965436e-01
-3.127586206896551535e-01
-2.531896551724138189e-01
-1.936206896551724288e-01
-1.340517241379310942e-01
-1.000000000000000056e-01
-1.000000000000000056e-01
1.000000000000000056e-01
1.000000000000000056e-01
1.549119517910947652e-01
2.144767325075326581e-01
2.740415132239705231e-01
3.336062939404084715e-01
3.931710746568463644e-01
4.527358553732842572e-01
5.123006360897220945e-01
5.718654168061599874e-01
6.225172413793103043e-01
6.046465517241379484e-01
5.689051724137930144e-01
5.093362068965516798e-01
4.497672413793103452e-01
3.901982758620689551e-01
3.306293103448275650e-01
2.710603448275861749e-01
2.114913793103448403e-01
1.519224137931034502e-01
1.000000000000000056e-01
1.000000000000000056e-01
0.000000000000000000e+00
5.985072115384614672e-02
1.196848557692307691e-01
1.795189903846153845e-01
2.393531249999999999e-01
2.991872596153846153e-01
3.590213942307692307e-01
4.188555288461538462e-01
4.786896634615384616e-01
5.385237980769230770e-01
5.983579326923077479e-01
6.312750000000000306e-01
5.833911057692308111e-01
5.235569711538461402e-01
4.637228365384615802e-01
4.038887019230769648e-01
3.440545673076922939e-01
2.842204326923077340e-01
2.243862980769231186e-01
1.645521634615385032e-01
1.047180288461538877e-01
4.488389423076921680e-02
0.000000000000000000e+00
-5.367272727272726779e-02
-1.132636363636363719e-01
-1.728545454545454552e-01
-2.324454545454545384e-01
-2.920363636363636495e-01
-3.516272727272727328e-01
-4.112181818181818160e-01
-4.708090909090909548e-01
-5.303999999999999826e-01
-5.899909090909091214e-01
-6.495818181818181491e-01
-6.644999999999999796e-01
-6.644999999999999796e-01
-6.644999999999999796e-01
-6.644999999999999796e-01
-6.644999999999999796e-01
-6.644999999999999796e-01
-6.644999999999999796e-01
-6.644999999999999796e-01
-6.644999999999999796e-01
-6.644999999999999796e-01
-6.644999999999999796e-01
-6.644999999999999796e-01
-6.644999999999999796e-01
-6.644999999999999796e-01
-6.108272727272726632e-01
-5.512363636363636354e-01
-4.916454545454544967e-01
-4.320545454545454689e-01
-3.724636363636363301e-01
-3.128727272727272468e-01
-2.532818181818181635e-01
-1.936909090909090247e-01
-1.340999999999999970e-01
-7.450909090909085819e-02
-1.491818181818183042e-02
1.194999999999999882e-02
7.144999999999999962e-02
1.309500000000000108e-01
1.904500000000000082e-01
2.499500000000000055e-01
3.094500000000000028e-01
3.689500000000000002e-01
4.284500000000000530e-01
4.879499999999999948e-01
5.474499999999999922e-01
5.980500000000000815e-01
5.980500000000000815e-01
5.682500000000000329e-01
5.087500000000000355e-01
4.492500000000000382e-01
3.897500000000000409e-01
3.302500000000000990e-01
2.707500000000000462e-01
2.112500000000000488e-01
1.517500000000001070e-01
9.225000000000005418e-02
3.275000000000005684e-02
