0.000000000000000000e+00
1.216836814669759082e-07
4.381253779653071750e-06
4.383611335418905039e-05
1.797653150574173269e-04
5.137143815655454034e-04
1.296440719280795130e-03
2.772722650009570508e-03
5.392734186357424006e-03
9.728800508534213992e-03
1.614836144110595034e-02
2.589216437396060430e-02
4.222820838830234486e-02
6.051014066590199719e-02
8.628305278535344791e-02
1.165521797171440166e-01
1.505942261652295500e-01
1.894912015557909113e-01
2.305691068728886461e-01
2.789925894278514340e-01
3.303004320852666598e-01
3.862006634102184699e-01
4.488676156640624693e-01
5.151329184540160977e-01
5.841226041969929117e-01
6.546909545770436267e-01
7.292505635138362141e-01
8.029870222410926406e-01
8.850271095968327284e-01
9.675589633739798412e-01
1.053445099943106200e+00
1.145715438561786925e+00
1.239510088195082460e+00
1.333744596624900414e+00
1.423772010562944779e+00
1.508453051726396765e+00
1.582658087197986063e+00
1.655096245213983241e+00
1.718219510980476539e+00
1.774456268421338967e+00
1.825034241476256147e+00
1.862669687826720155e+00
1.899739044044594483e+00
1.923982094326833536e+00
1.940672496500304822e+00
1.949260507331679548e+00
1.950587498614417825e+00
1.944078323994934410e+00
1.929706865497487378e+00
1.907340880687407925e+00
1.878473022845062124e+00
1.841184869577060068e+00
1.789162387623892903e+00
1.734771260439453178e+00
1.675784549740489293e+00
1.604576470180876457e+00
1.527451725389211701e+00
1.445287416525528279e+00
1.369739303796280838e+00
1.305001915275485480e+00
1.246034664209068055e+00
1.188166212119909915e+00
1.148750849651376971e+00
1.112033001114086428e+00
1.084150055294118342e+00
1.064829219254427084e+00
1.053112897236132994e+00
1.049246047128804538e+00
1.052975104265212902e+00
1.064393603638748242e+00
1.083711039239927398e+00
1.112255669052317764e+00
1.148983005165558069e+00
1.193226071172896141e+00
1.243916813145435230e+00
1.302678334534271620e+00
1.365431694208702584e+00
1.440039724338596283e+00
1.519537102138573292e+00
1.606349594282999060e+00
1.702824982457944003e+00
1.797882203591286476e+00
1.889231766433142390e+00
1.975850090471502618e+00
2.060888993047528039e+00
2.139223091543124955e+00
2.220374968459395859e+00
2.296287724256005802e+00
2.369748754551803227e+00
2.442891993847496668e+00
2.504279174626719673e+00
2.575151984525263060e+00
2.633129972042703049e+00
2.687662879387672010e+00
2.735606037376681066e+00
2.782713233914220652e+00
2.824157785171767188e+00
2.861540139785305747e+00
2.894522424580472375e+00
2.921651141263294171e+00
2.945001487835624765e+00
2.965357276852565782e+00
2.977885585522887624e+00
2.986145418695863807e+00
2.992047295412797681e+00
2.995664145299921977e+00
2.997843124529829151e+00
2.999047694376107298e+00
2.999623680821760896e+00
2.999884339079816442e+00
2.999981089509358156e+00
2.999997877573458371e+00
2.999999982485446637e+00
0.000000000000000000e+00
3.440575114605079737e-03
1.458889924417931111e-02
3.674667468964323142e-02
6.468749762854519858e-02
9.848557166597934898e-02
1.425929421170703260e-01
1.932614277746359521e-01
2.521794775693766422e-01
3.192691209180632539e-01
3.907798267113302693e-01
4.716565678844241716e-01
5.728031750238319342e-01
6.604020749705225013e-01
7.597641808524262519e-01
8.560217218849361931e-01
9.480431722395215033e-01
1.039154636236791607e+00
1.123817874222397428e+00
1.212347934406655003e+00
1.296002783680006765e+00
1.377828286147077641e+00
1.460276839100384638e+00
1.538711132998465736e+00
1.612415574863052203e+00
1.680673845961890178e+00
1.746010535618819581e+00
1.804584844286598155e+00
1.863462762594104483e+00
1.916691584462573150e+00
1.966279989445852028e+00
2.013500129091098323e+00
2.055543439147584639e+00
2.092145061983667453e+00
2.122140802938024429e+00
2.146125326876146655e+00
2.163927858949284744e+00
2.178670244402901801e+00
2.189616303341667347e+00
2.198035348377326947e+00
2.204653614222646496e+00
2.209060922667245297e+00
2.213031533846893328e+00
2.215459097429602231e+00
2.217066846106983569e+00
2.217877937963774748e+00
2.218002494178373585e+00
2.217391045608152922e+00
2.216038717941560598e+00
2.213942847293467686e+00
2.211282048105506881e+00
2.207966567095482002e+00
2.203664757216996506e+00
2.199688329926849484e+00
2.196112350999674945e+00
2.192998378176256313e+00
2.191325583272718980e+00
2.191710827128873440e+00
2.193982989781267712e+00
2.197224865154167261e+00
2.201071026428780275e+00
2.205540613570795117e+00
2.208902502938840495e+00
2.212210030714834463e+00
2.214799432271693291e+00
2.216614829722529656e+00
2.217717144456748724e+00
2.218080135545494436e+00
2.217729785858374214e+00
2.216646055059551479e+00
2.214764813618571360e+00
2.211848164165487240e+00
2.207805468446388364e+00
2.202427059479274085e+00
2.195481724919663868e+00
2.186246870768226991e+00
2.174811434329071425e+00
2.158851074131272973e+00
2.138706665991630729e+00
2.112700684145905949e+00
2.078660672943973164e+00
2.039533001531483425e+00
1.996371320886530132e+00
1.950049047249659884e+00
1.899040452492077424e+00
1.846754329688695462e+00
1.786663551908713954e+00
1.724386075637102778e+00
1.657814432543438965e+00
1.584461260711766073e+00
1.516564895115543932e+00
1.429700032697894363e+00
1.350490339235342452e+00
1.267739258061057361e+00
1.186738638894505815e+00
1.097488529302282689e+00
1.008535239464442235e+00
9.167700974183794482e-01
8.227108374140161828e-01
7.312519499753988850e-01
6.358754221341413881e-01
5.294953792501119194e-01
4.429344897376169543e-01
3.676020896399045945e-01
2.944820553295410814e-01
2.310646211210623524e-01
1.747827764308590992e-01
1.260663231463469980e-01
8.690879680943712493e-02
5.418872293290464409e-02
2.623163464865162914e-02
1.095478886497992105e-02
1.586442424551330263e-03
1.570796326794896336e+00
1.570710585029816198e+00
1.570051894006856630e+00
1.567823965132780328e+00
1.563856986129447124e+00
1.557761344445002027e+00
1.548082890625353425e+00
1.534952622807160383e+00
1.517359024638944565e+00
1.494641498167355254e+00
1.467580045217678819e+00
1.433739444206385105e+00
1.386877013849404872e+00
1.342680109648594300e+00
1.291392104145455466e+00
1.240990361352925841e+00
1.191991071136555114e+00
1.142522450518562493e+00
1.095536025607046327e+00
1.045151859701297203e+00
9.961521536611959160e-01
9.466721270416034173e-01
8.949627019717703025e-01
8.436939781225448742e-01
7.932869521025163184e-01
7.442674905818074116e-01
6.947716531272309926e-01
6.477580034533672038e-01
5.973460455320098728e-01
5.483215164608148395e-01
4.988173054686678709e-01
4.470792163252365059e-01
3.957717187752750609e-01
3.453044571596760592e-01
2.979235155902058008e-01
2.539706910931919248e-01
2.173498645863072010e-01
1.847554472472679454e-01
1.590501915207969685e-01
1.384671746979065643e-01
1.220605860245400631e-01
1.113550542796924031e-01
1.023169090732717890e-01
9.743287813819703769e-02
9.472281447135433297e-02
9.365281855713170067e-02
9.351459485397679849e-02
9.376585869199308143e-02
9.378405989554608468e-02
9.293608433437795802e-02
9.071816083735385894e-02
8.641366611093892480e-02
7.821804867669063244e-02
6.737181828014900120e-02
5.334538836110891413e-02
3.364574148170230289e-02
9.264644072498455854e-03
-1.844064491565092917e-02
-4.127247503188535144e-02
-5.831392521113026861e-02
-7.157456549068783036e-02
-8.217633655294387385e-02
-8.779893707122732316e-02
-9.162176078784678435e-02
-9.339207838747674850e-02
-9.385476082881985538e-02
-9.368320972734170415e-02
-9.349062711405700665e-02
-9.387342734921202969e-02
-9.544106356633783039e-02
-9.883979613560586741e-02
-1.050156470911678824e-01
-1.144833184972591233e-01
-1.277093896169723131e-01
-1.449176558908486512e-01
-1.672573283981796943e-01
-1.936656808700523147e-01
-2.282279795486522600e-01
-2.684531596679698984e-01
-3.137125220980214735e-01
-3.647952851840605693e-01
-4.161158213723942234e-01
-4.665528582977520600e-01
-5.155877063186193876e-01
-5.650909031589812503e-01
-6.121071187140985081e-01
-6.625185365910699620e-01
-7.115391665754311479e-01
-7.610341459140202991e-01
-8.127521921116411807e-01
-8.584502973400791603e-01
-9.144231373682203401e-01
-9.634297545476500080e-01
-1.012905794954475525e+00
-1.059894795673550494e+00
-1.110275163321008174e+00
-1.159265693498573224e+00
-1.208735047089669390e+00
-1.258504688717433373e+00
-1.306150359577236353e+00
-1.355210956919618459e+00
-1.407525673670250166e+00
-1.446122804987658661e+00
-1.476642124248000343e+00
-1.503329360564296335e+00
-1.523917842119331123e+00
-1.539961471190235853e+00
-1.551911511359706175e+00
-1.559984000808774862e+00
-1.565472001901406784e+00
-1.569002331280000107e+00
-1.570312691128095350e+00
-1.570769509829496702e+00
0.000000000000000000e+00
3.691643546253266239e-02
7.605788401842530910e-02
1.206331451021759316e-01
1.599940926896986082e-01
1.973692633505127469e-01
2.374502253712238442e-01
2.764397776785849636e-01
3.158248466955305700e-01
3.554603281961847827e-01
3.934110541197763933e-01
4.324918345977867840e-01
4.771673970981045731e-01
4.971706492663087174e-01
4.974862592860080923e-01
4.974318111952415467e-01
4.974136695445250944e-01
4.974247487714645866e-01
4.974523371789644766e-01
4.974945683669786400e-01
4.975432325414594903e-01
4.975942041658873993e-01
4.976441014289246789e-01
4.976869455547899834e-01
4.977220317977992248e-01
4.977513112429290398e-01
4.977802131650455042e-01
4.978122397833927293e-01
4.978570336697984988e-01
4.979154464798788426e-01
4.979960857913168226e-01
4.981145305200893603e-01
4.982631730577034013e-01
4.985219351142651800e-01
4.616224610310515342e-01
4.221062642519316510e-01
3.845826960202298195e-01
3.443472913166798488e-01
3.052119195306082222e-01
2.656851368853213602e-01
2.243697810309446261e-01
1.878527541151588098e-01
1.431119683291872946e-01
1.039280549315849955e-01
6.435924402532877675e-02
2.677248271243246047e-02
-1.353128416426211539e-02
-5.272317824951158749e-02
-9.229242017345737348e-02
-1.320881822346289813e-01
-1.701639761021748465e-01
-2.093379901617468397e-01
-2.540671066447192650e-01
-2.936071547070653320e-01
-3.311652155320599089e-01
-3.714496619062263028e-01
-4.106506641979518202e-01
-3.971663979121556887e-01
-3.572610936410150484e-01
-3.191524833541177220e-01
-2.799841052422630816e-01
-2.352774168934418098e-01
-1.991597413215639989e-01
-1.582164985098083454e-01
-1.179604782689194775e-01
-7.881021787176065163e-02
-3.927637857931942644e-02
-1.722368515460736323e-03
3.854779501060796865e-02
7.770904001005858597e-02
1.172494572623106468e-01
1.585646769179825388e-01
1.995198911518306362e-01
2.397783050911993230e-01
2.789196020886542948e-01
3.184311221880848919e-01
3.559517470464352851e-01
3.961777805809734154e-01
4.352985597991876343e-01
4.748142172367468827e-01
4.979075842798361684e-01
4.981554466734344766e-01
4.980282671372794900e-01
4.979370333470539700e-01
4.978750498408177627e-01
4.978338475360222226e-01
4.978033302070654642e-01
4.977822784839068815e-01
4.977632887935919404e-01
4.977396620432977259e-01
4.977122825863258826e-01
4.976692581799700976e-01
4.976252344692187468e-01
4.975799877029289942e-01
4.975427277935084991e-01
4.975160490674810365e-01
4.975098312652333488e-01
4.975345390761844455e-01
4.976067200085814157e-01
4.977212481835612268e-01
4.979162084263215604e-01
4.588769884918795783e-01
4.193228524863729101e-01
3.817866104583663711e-01
3.415640449693392311e-01
3.024693161192112401e-01
2.630116460451722982e-01
2.233408116258743803e-01
1.853970024202447608e-01
1.463711431673604679e-01
1.018217299386781072e-01
6.583055750222338576e-02
2.501292125539863326e-02
0.000000000000000000e+00
-3.699233524577792698e-02
-7.632579750311573041e-02
-1.212070883969743190e-01
-1.608664128743612365e-01
-1.985201850677444646e-01
-2.388760762425702344e-01
-2.780979825691168306e-01
-3.176747087204306874e-01
-3.574533911870998448e-01
-3.954923720135850029e-01
-4.346174922767438442e-01
-4.792980078947876588e-01
-4.992643745842125225e-01
-4.995076855066312715e-01
-4.993877005851242723e-01
-4.993134903314616624e-01
-4.992739600110439047e-01
-4.992569459906595064e-01
-4.992518904121009404e-01
-4.992533041454506049e-01
-4.992557305496909681e-01
-4.992557228480395404e-01
-4.992512092465646312e-01
-4.992415067320164490e-01
-4.992265629909815594e-01
-4.992057835635552721e-01
-4.991813422320611204e-01
-4.991519671739336195e-01
-4.991240941217113813e-01
-4.991031604591205095e-01
-4.990990987870730367e-01
-4.991274602581792230e-01
-4.992020513293919937e-01
-4.993292611163077099e-01
-4.978752876230619351e-01
-4.607285061946221894e-01
-4.204131471673373532e-01
-3.812286971359553078e-01
-3.416665153811267452e-01
-3.003169598606764135e-01
-2.637676596601260526e-01
-2.189839083661711538e-01
-1.797595910549999176e-01
-1.401476153321017382e-01
-1.025179588659249630e-01
-6.216681012432179881e-02
-2.292819016351342609e-02
1.668806694493858017e-02
5.652997559117665244e-02
9.464778177447824570e-02
1.338616303935054597e-01
1.786309185555393086e-01
2.182007066569901510e-01
2.557807529375890065e-01
2.960808746556675697e-01
3.352898467836569196e-01
3.216138269560617768e-01
2.816995178527409438e-01
2.435680365130404867e-01
2.043622750106837971e-01
1.595984924870929300e-01
1.234264819401587054e-01
8.241526880994351489e-02
4.208755156208784931e-02
2.864606617813157848e-03
-3.674384146616113678e-02
-7.436819823412960107e-02
-1.147113623857455300e-01
-1.539395370634386029e-01
-1.935420029278665244e-01
-2.349145343865583491e-01
-2.759168536363579838e-01
-3.162096950259020156e-01
-3.553724296076891664e-01
-3.948980246817064832e-01
-4.324329614911269215e-01
-4.726792705529962446e-01
-4.994462442323172602e-01
-4.993135134242686068e-01
-4.992239609903117437e-01
-4.991713422606717243e-01
-4.991497728388893385e-01
-4.991480448152202376e-01
-4.991570018698791578e-01
-4.991700734733790501e-01
-4.991846496163486746e-01
-4.991963921862511144e-01
-4.992042604371125236e-01
-4.992076255714866795e-01
-4.992062807035853034e-01
-4.991986901911107388e-01
-4.991873711434876570e-01
-4.991736659247981156e-01
-4.991628043423250727e-01
-4.991603884055978435e-01
-4.991762071493416331e-01
-4.992247301248611269e-01
-4.993249817000944279e-01
-4.994722886269626905e-01
-4.997042488986426778e-01
-4.606947768108376473e-01
-4.211453955960139384e-01
-3.835867071312103471e-01
-3.433043816735820153e-01
-3.041138036090007546e-01
-2.645229157391390529e-01
-2.246828621954932714e-01
-1.865451197899118951e-01
-1.472887675183477407e-01
-1.024445941647382230e-01
-6.620323937730016040e-02
-2.511354982931777655e-02
