0.000000000000000000e+00
-1.104490439496964861e-07
-6.018215101219082395e-06
-4.057333667964952491e-05
-1.657176462959240176e-04
-4.846663371243255507e-04
-1.355441191774774644e-03
-2.767196133779356061e-03
-5.397396043126015397e-03
-9.695061820581895445e-03
-1.590970019443962991e-02
-2.728171768962081925e-02
-4.063869324546152267e-02
-5.823195139429589856e-02
-7.818978468900225631e-02
-1.046262307245112017e-01
-1.284174721204656977e-01
-1.554990885781640242e-01
-1.837235901360073920e-01
-2.110416365325034627e-01
-2.448650817331972651e-01
-2.733024519782840112e-01
-3.022413366871317675e-01
-3.298613967105351596e-01
-3.613518835814731878e-01
-3.860564059267655446e-01
-4.108149923258886393e-01
-4.333518271691514934e-01
-4.522043207037752532e-01
-4.716636478295395118e-01
-4.845901124721909148e-01
-4.942838390463514253e-01
-4.998721670243519433e-01
-5.010947508897101166e-01
-4.974181636445587640e-01
-4.886948249652125487e-01
-4.751503284447580189e-01
-4.579866325656211656e-01
-4.314234160754016889e-01
-4.044159684301941171e-01
-3.722598607707572338e-01
-3.366653502629126660e-01
-2.892472257972842353e-01
-2.458074577163953389e-01
-1.950580594985020233e-01
-1.403489504560703482e-01
-8.526373677314826038e-02
-1.364932792610074400e-02
5.004996472779342509e-02
1.188032273048772181e-01
1.889329632024421279e-01
2.756704865477316857e-01
3.502821043198510731e-01
4.330185195827672695e-01
5.180691231940138808e-01
6.001795745901108425e-01
6.937476409896476959e-01
7.904819638294802164e-01
8.822465269663257725e-01
9.730596978324927981e-01
1.081992961060029401e+00
1.173053801471100499e+00
1.271458327668241850e+00
1.370081527322521975e+00
1.463033227078372800e+00
1.566485274868714583e+00
1.670830817715677874e+00
1.767532901614959462e+00
1.861145620387111510e+00
1.970824319231096577e+00
2.060403970205661572e+00
2.155099689969356191e+00
2.247873853793511678e+00
2.333359558386169486e+00
2.426316404926288861e+00
2.517712812438768211e+00
2.600292804335665675e+00
2.678248784902845792e+00
2.767041526466809565e+00
2.837466157485725393e+00
2.909763289388023200e+00
2.978371609130932018e+00
3.039508261229800112e+00
3.103606218019872021e+00
3.163993381590593401e+00
3.216129607495782583e+00
3.263018088848364417e+00
3.313368497832488213e+00
3.350711331857928243e+00
3.386311430831209002e+00
3.417184426802958086e+00
3.441880427616560212e+00
3.464442843594699006e+00
3.481879004795271015e+00
3.493262842217983000e+00
3.499815769968805057e+00
3.501780391844725671e+00
3.498803860787604414e+00
3.491323508024179567e+00
3.479890459537763991e+00
3.465849541718974081e+00
3.446945928245263246e+00
3.424738744795932543e+00
3.401693490772407458e+00
3.377385713776900111e+00
3.346737041358220921e+00
3.320218618473061767e+00
3.290966892168307290e+00
3.261340449241645345e+00
3.233401466642924937e+00
3.202591857088531668e+00
3.172161040483354455e+00
3.144848403656968827e+00
3.119525709463611740e+00
3.095206376387443115e+00
3.070736754940216695e+00
3.050797790278133803e+00
3.034457916366700481e+00
3.022849485399925928e+00
3.013687858461595592e+00
3.007687012994400000e+00
3.004196250919550337e+00
3.002148571843812341e+00
3.000969228635945285e+00
3.000336281280252315e+00
3.000098806973475529e+00
3.000019325327784259e+00
3.000002104726244845e+00
3.000000014755445754e+00
0.000000000000000000e+00
3.281195868018554375e-03
1.658698284249095906e-02
3.562823505758573595e-02
6.262495345311147599e-02
9.620864825194602732e-02
1.451868083992168268e-01
1.932207493586739211e-01
2.523333337236916551e-01
3.189600117429522985e-01
3.885922931336677211e-01
4.822453662222156434e-01
5.680791965037359503e-01
6.623907450120792850e-01
7.549939632653279720e-01
8.638497494858058401e-01
9.533420927402674883e-01
1.048843106937224601e+00
1.143646918634299681e+00
1.232465922019297944e+00
1.340357822140306521e+00
1.430650891426145765e+00
1.523403429598087833e+00
1.613951236228243324e+00
1.721421951831203945e+00
1.810658765433889039e+00
1.906804440940278456e+00
2.003159135791691803e+00
2.094210913333134805e+00
2.205689780837600811e+00
2.299572335467480855e+00
2.396373402965817689e+00
2.491007264932740384e+00
2.603148585268842297e+00
2.695802730689917492e+00
2.794837142830458809e+00
2.892984953584202934e+00
2.984473670527078681e+00
3.094579921396937827e+00
3.185490997717179695e+00
3.277368072465479454e+00
3.365276411169200621e+00
3.466946691620372167e+00
3.548891246405991406e+00
3.634392766880059522e+00
3.716998044572410453e+00
3.792025733347773819e+00
3.879753649211179933e+00
3.949982414996245694e+00
4.018846136239861089e+00
4.082640466245525346e+00
4.153711881561392261e+00
4.208732845171142323e+00
4.263794528238587844e+00
4.314534069743803713e+00
4.358285361346261766e+00
4.402426196536901593e+00
4.442028005428953819e+00
4.474314008664086018e+00
4.501437856904674462e+00
4.527930869975934414e+00
4.545211187109067907e+00
4.559011409017886152e+00
4.567915014956198227e+00
4.571793620874903041e+00
4.571061886311993838e+00
4.564867189620932741e+00
4.554229327491329471e+00
4.539348960407576072e+00
4.516050104079880612e+00
4.492185279700892764e+00
4.462000055511259333e+00
4.427303374971705452e+00
4.390531171904411778e+00
4.345051089023851176e+00
4.294256258853777375e+00
4.242765327445662926e+00
4.188786557013372658e+00
4.120254991771812314e+00
4.059921748310586054e+00
3.991672928277379739e+00
3.920189232210491426e+00
3.849992597831210173e+00
3.768707691933925297e+00
3.683307425653180811e+00
3.601100428560384259e+00
3.518655088181055657e+00
3.418396099927914822e+00
3.333490751150578024e+00
3.240643113050850399e+00
3.146484012300727606e+00
3.056728575369963785e+00
2.955703340415171354e+00
2.852583967173080381e+00
2.755922701066899183e+00
2.661326542833978070e+00
2.549190509307780239e+00
2.456525699839620103e+00
2.357425661818185247e+00
2.259068608950672186e+00
2.167128256783867002e+00
2.065469875850328485e+00
1.963410778442390203e+00
1.868998395405723656e+00
1.777502323553191488e+00
1.669807178007267190e+00
1.581124637267523170e+00
1.486298765716539849e+00
1.391945527445530573e+00
1.303329996806482427e+00
1.204695282738683648e+00
1.104810078677242124e+00
1.011535751319609489e+00
9.202764360566555446e-01
8.261493540239510658e-01
7.215065008039762695e-01
6.241777812621072119e-01
5.303310539999250839e-01
4.488491574066313383e-01
3.658993786373053725e-01
2.905499781730970232e-01
2.281201917221098996e-01
1.745236094098032709e-01
1.269385699669255685e-01
8.312758773522097022e-02
5.087037306012497095e-02
2.652680156814655327e-02
1.084801667864826805e-02
1.491180649691351001e-03
1.570796326794896336e+00
1.570876527815003421e+00
1.571697658719017898e+00
1.573631982473988389e+00
1.577400768935080411e+00
1.583372000891307918e+00
1.594109418434317416e+00
1.606586501316687121e+00
1.624229977360441390e+00
1.646766345637027396e+00
1.673065177512115476e+00
1.709698561023770491e+00
1.740017137482676723e+00
1.769837592726179576e+00
1.795659205670145919e+00
1.821569638822652326e+00
1.839211923845779140e+00
1.854299135454768432e+00
1.865434436169717713e+00
1.872303784699239415e+00
1.876023296378924510e+00
1.875194936996953388e+00
1.870620787030857768e+00
1.862523414069992889e+00
1.848314549082205049e+00
1.832786199716588182e+00
1.812307854490921688e+00
1.787995946462966668e+00
1.761558213722294486e+00
1.724741648370161862e+00
1.689968003053853973e+00
1.650545990329103097e+00
1.608488108354879209e+00
1.554186726974033927e+00
1.507864044016766325e+00
1.458227650772000228e+00
1.408761256097581072e+00
1.362289725252507022e+00
1.305740132225302830e+00
1.258390923763105018e+00
1.209788585223986246e+00
1.162429737432124188e+00
1.106399270948484226e+00
1.060073129997019414e+00
1.010405667203947200e+00
9.609114969178512711e-01
9.144147334865406762e-01
8.578380648476291448e-01
8.104696956627404081e-01
7.618518792542278151e-01
7.144846136055718056e-01
6.584544775247442860e-01
6.121347929754812345e-01
5.624766624077202071e-01
5.129915205877497719e-01
4.665024048909116594e-01
4.148057520842324819e-01
3.625738586349402937e-01
3.139639694758987187e-01
2.666038123307073460e-01
2.105805920610457627e-01
1.642649894513560083e-01
1.146096452017918987e-01
6.512567559997198274e-02
1.863625870467876255e-02
-3.306240550316136284e-02
-8.529821891009839452e-02
-1.339134477202078011e-01
-1.812803454522089464e-01
-2.373133008177098491e-01
-2.836382526307111851e-01
-3.333047876902456297e-01
-3.828009168173989174e-01
-4.293025130686313195e-01
-4.810152837658312475e-01
-5.332655563129971021e-01
-5.818941277041009830e-01
-6.292735647127177812e-01
-6.853206830864375654e-01
-7.316566856865487356e-01
-7.813343591415049527e-01
-8.308405547478951991e-01
-8.773503475919206540e-01
-9.290705822400602276e-01
-9.813269333251601889e-01
-1.029960340580088340e+00
-1.077343356402288066e+00
-1.133390999170822200e+00
-1.179721319590501416e+00
-1.229384953623866794e+00
-1.278870680406773763e+00
-1.325359115324643344e+00
-1.377057323793156929e+00
-1.429296535872039531e+00
-1.477914025810076026e+00
-1.525272838501492201e+00
-1.581055615854727092e+00
-1.624399535713280551e+00
-1.667033153649901234e+00
-1.705609522803990696e+00
-1.738250724591485330e+00
-1.770509366496465287e+00
-1.798732953585572503e+00
-1.821086452997516592e+00
-1.839220547358293212e+00
-1.856038159243472485e+00
-1.866159003075038569e+00
-1.873179679008664555e+00
-1.876273371894121578e+00
-1.875584927129696045e+00
-1.870784996020255164e+00
-1.861570832482601912e+00
-1.849085762316975412e+00
-1.833278295755127907e+00
-1.813327708206067479e+00
-1.786878779513768389e+00
-1.758311508015489188e+00
-1.727194062715202705e+00
-1.697127087325137174e+00
-1.664275318201777543e+00
-1.636893003469270802e+00
-1.616758904080188852e+00
-1.601548946306604382e+00
-1.589870033151345341e+00
-1.580902942255150823e+00
-1.575637024767359673e+00
-1.572617501893827097e+00
-1.571274279167992116e+00
-1.570820680508791201e+00
0.000000000000000000e+00
3.598732788866747245e-02
8.111869440062041692e-02
1.188457275895614534e-01
1.575392709365700528e-01
1.952211978187815000e-01
2.397873179081989325e-01
2.766197214787273762e-01
3.161137977318974057e-01
3.554809231784970547e-01
3.924696453977174482e-01
4.374494014896398442e-01
4.751228725245478790e-01
4.977287801605512207e-01
4.974768578699977351e-01
4.974118513564379507e-01
4.973553998740234405e-01
4.973098357058217123e-01
4.972807052491463042e-01
4.972686066785719783e-01
4.972520566575310830e-01
4.972466852006554583e-01
4.972483418938944411e-01
4.972689928086061473e-01
4.973162827855914792e-01
4.973728601871246768e-01
4.974564476300720184e-01
4.975479667954660901e-01
4.976479859642449766e-01
4.977666191388090411e-01
4.978650475849188406e-01
4.979522432649063357e-01
4.980222410135457523e-01
4.980835456399873018e-01
4.981222343572109246e-01
4.981493849710754152e-01
4.981674224728463996e-01
4.981812221044770173e-01
4.981985109520561950e-01
4.982116057031302780e-01
4.982206854978897814e-01
4.982228822711887162e-01
4.982147140599501034e-01
4.982009200582702135e-01
4.981783907789864019e-01
4.981523570605232987e-01
4.981251442556809406e-01
4.980925380655809587e-01
4.980665658365110993e-01
4.980414443556679949e-01
4.980189427488140863e-01
4.979938941601657065e-01
4.979755781361294709e-01
4.979558139817059637e-01
4.979386579433382476e-01
4.979232240386713415e-01
4.979092075220145075e-01
4.978975665496736536e-01
4.978896171363007550e-01
4.978848270664928410e-01
4.978823607413709329e-01
4.978836769704426124e-01
4.978861566256033155e-01
4.978919421177158133e-01
4.978985256056160935e-01
4.979091282647704064e-01
4.979217677136430487e-01
4.979356382564467109e-01
4.979511471277846546e-01
4.979710072808539167e-01
4.979894996822735731e-01
4.980083104405192973e-01
4.980282796364103870e-01
4.980458338446640543e-01
4.980661551711303980e-01
4.980856690540258480e-01
4.981033773194248893e-01
4.981197178252658175e-01
4.981375593750296260e-01
4.981520316247779467e-01
4.981659091020445018e-01
4.981812264932700685e-01
4.981953774497979714e-01
4.982130971374095774e-01
4.982298387802472917e-01
4.982431365463260153e-01
4.982518306938242825e-01
4.982535069162994379e-01
4.982479442014781656e-01
4.982340007723137232e-01
4.982166827449299729e-01
4.981987037066911705e-01
4.981806621971009985e-01
4.981627444000150673e-01
4.981417280679437676e-01
4.981084659152568150e-01
4.980507984890799045e-01
4.979860916138513227e-01
4.978967776218372054e-01
4.977855095883748082e-01
4.976755056664740606e-01
4.975438990181059173e-01
4.974225604434652226e-01
4.973202524561100013e-01
4.972444873072227045e-01
4.971869581993644260e-01
4.971662367057541054e-01
4.971756017788860338e-01
4.972008841020782999e-01
4.972437923572413654e-01
4.972942822800123230e-01
4.973615042210052795e-01
4.974343532833488402e-01
4.975151532367023677e-01
4.975545839445524310e-01
4.976765339953221345e-01
4.970423976078182648e-01
4.591035385555767290e-01
4.220921549375881154e-01
3.809179354241865045e-01
3.393219091132638754e-01
3.006177255504279833e-01
2.629183370298953104e-01
2.242207308857837866e-01
1.814560816582343472e-01
1.419415016791383821e-01
1.025593472122493938e-01
6.552201071369641305e-02
2.430617912899420141e-02
0.000000000000000000e+00
3.604729045717669500e-02
8.133393286450193993e-02
1.192244683226516139e-01
1.581056267345847255e-01
1.959730953633478379e-01
2.407560603391858123e-01
2.777725258434355360e-01
3.174758129986157695e-01
3.570706113002610760e-01
3.944198280881216490e-01
3.682715257425314692e-01
3.303845916982411923e-01
2.915237842958116055e-01
2.536890759218924929e-01
2.089310867262451077e-01
1.719183806253821722e-01
1.322207267750202531e-01
9.265526786707042883e-02
5.547545366473204120e-02
1.022634522842912411e-02
-2.766254882470809556e-02
-6.655673303241925465e-02
-1.044481850241020804e-01
-1.492698041762140493e-01
-1.863165076849138124e-01
-2.260299068570607306e-01
-2.655942989326555148e-01
-3.027570178464050743e-01
-3.479613428608615555e-01
-3.857994012620304947e-01
-4.246533567321167935e-01
-4.625232592814705335e-01
-4.996719501972096134e-01
-4.992992472860350306e-01
-4.992169539125832500e-01
-4.992023931164634165e-01
-4.991877169585670071e-01
-4.992076188079442312e-01
-4.992241901615248612e-01
-4.992677567904424407e-01
-4.993349914233360387e-01
-4.994185966771478302e-01
-4.994658370687723448e-01
-4.994811170563315805e-01
-4.994952735942994049e-01
-4.995036637692269466e-01
-4.995323097703583404e-01
-4.995542031196383292e-01
-4.995754876797482980e-01
-4.995860828957550126e-01
-4.995948428212219072e-01
-4.996034181245837535e-01
-4.996103770708225644e-01
-4.996213864292645690e-01
-4.996285484358238271e-01
-4.996373304680531424e-01
-4.996428356499963419e-01
-4.996476909448060999e-01
-4.996513404694312155e-01
-4.996555691044339831e-01
-4.996585205790097239e-01
-4.996613736628020552e-01
-4.996630333552937175e-01
-4.996646857903456196e-01
-4.996649605499102753e-01
-4.996653669313876334e-01
-4.996645949016008115e-01
-4.996634938253182723e-01
-4.996612972456259127e-01
-4.996593353296568951e-01
-4.996564582170375246e-01
-4.996542393150985584e-01
-4.996502306856026587e-01
-4.996464033569936736e-01
-4.996387104953529112e-01
-4.996317489144815882e-01
-4.996235679090331727e-01
-4.996156374045475079e-01
-4.996134507548504189e-01
-4.996044960252440381e-01
-4.995980468556588949e-01
-4.995792717946551109e-01
-4.995653869091626897e-01
-4.995466196044401341e-01
-4.995374174441408188e-01
-4.995183098046699355e-01
-4.994722680445432550e-01
-4.994187253681793282e-01
-4.993555804366978657e-01
-4.993375497766516791e-01
-4.993485951095554265e-01
-4.994053418964438107e-01
-4.994742577865194377e-01
-4.994143593299850137e-01
-4.994198211417700817e-01
-4.858790778842444480e-01
-4.488798035101559392e-01
-4.091949606459113764e-01
-3.696550694638159329e-01
-3.325081572930836948e-01
-2.911854842056216253e-01
-2.494170217175428195e-01
-2.105280105233266197e-01
-1.726303575425708337e-01
-1.277867157651115249e-01
-9.071054606430149769e-02
-5.095589758448475226e-02
-1.134184508735162043e-02
2.587361058385540674e-02
6.725001019537504843e-02
1.090444331988696391e-01
1.479340491220528797e-01
1.858103585393059698e-01
2.246728360855862194e-01
2.676055891384375163e-01
3.072875381380600901e-01
3.468402770958788905e-01
3.840408367511846111e-01
3.828655746307778052e-01
3.410039349115669971e-01
3.020988756822482468e-01
2.642177490081669688e-01
2.253319880903296157e-01
1.823437493614668836e-01
1.426007033834596482e-01
1.029896857988131242e-01
6.576779177113449559e-02
2.437216102249450955e-02
