0.000000000000000000e+00
-2.401108592162200258e-07
-5.426722738858696766e-06
-4.252354839662730260e-05
-1.873602103656126199e-04
-5.283637320381005028e-04
-1.341100910230684463e-03
-2.976574648205457686e-03
-5.547568775275157557e-03
-1.013220074014839142e-02
-1.747708329109985692e-02
-2.725751648296629095e-02
-4.250826052893734441e-02
-6.394481671791693578e-02
-8.789893594975187185e-02
-1.187107531324347320e-01
-1.543520316911895784e-01
-1.899086661278591714e-01
-2.321245224810150054e-01
-2.779429638287740367e-01
-3.215496744027922515e-01
-3.713843717651902909e-01
-4.236719006305622037e-01
-4.720877767558969706e-01
-5.261004161026630044e-01
-5.814774802508893004e-01
-6.317277579225202278e-01
-6.867242962586082022e-01
-7.420035281025663121e-01
-7.912314430374804974e-01
-8.440823450731437250e-01
-8.960699252746444632e-01
-9.413517883263486929e-01
-9.887900211608178225e-01
-1.034088994618872492e+00
-1.072269698666293847e+00
-1.110731773187869642e+00
-1.145611823669493212e+00
-1.173220626781051656e+00
-1.198810614324341328e+00
-1.219475917109192675e+00
-1.233597298182532720e+00
-1.244090609582841456e+00
-1.249344870330340918e+00
-1.249491969591295604e+00
-1.244645633037645860e+00
-1.234371006661576953e+00
-1.220540524872214760e+00
-1.200463237118127413e+00
-1.174890169549043684e+00
-1.147392305653298861e+00
-1.112534373026365930e+00
-1.072236433477857798e+00
-1.031687927259970161e+00
-9.828311659017466839e-01
-9.287121824910185008e-01
-8.760224819387849582e-01
-8.142626827292838154e-01
-7.475364708385497936e-01
-6.838873344586490211e-01
-6.106096859133742782e-01
-5.327728239574189839e-01
-4.595918155352072265e-01
-3.764398359058137022e-01
-2.892380991083151054e-01
-2.081665693886662338e-01
-1.170052447780729060e-01
-2.239444980155076356e-02
6.474927678179000223e-02
1.618753215277553559e-01
2.617731828965314533e-01
3.530345907713625664e-01
4.539469502256355260e-01
5.568913044728510675e-01
6.502235240614149259e-01
7.526588708943224848e-01
8.563408158035994422e-01
9.496505320305452802e-01
1.051311380371510396e+00
1.153405470568492408e+00
1.244599873078342078e+00
1.343206108007320099e+00
1.441422511544856233e+00
1.528456233599293057e+00
1.621796251031355496e+00
1.713932107213814948e+00
1.794853100492994624e+00
1.880833410457817712e+00
1.964822237018220008e+00
2.037815553416545189e+00
2.114507734198533662e+00
2.188465775692525650e+00
2.251894274142604679e+00
2.317578224163993283e+00
2.379846702049071006e+00
2.432287767375008958e+00
2.485490284740854428e+00
2.534672601528877856e+00
2.574950051774831383e+00
2.614477876193066486e+00
2.649470939237369649e+00
2.676681405833292615e+00
2.701647981824375044e+00
2.721666944191458715e+00
2.735200133284675594e+00
2.745045494418361542e+00
2.749641357939952790e+00
2.749193738458406422e+00
2.743697066641193505e+00
2.732766752334109484e+00
2.718348363776605048e+00
2.697632944252760012e+00
2.671431735731170320e+00
2.643556711637911061e+00
2.604726896785503065e+00
2.569700406779549695e+00
2.531331247629553083e+00
2.481232545927356092e+00
2.438248873746888812e+00
2.392849552486895348e+00
2.335561853649537944e+00
2.287819355453067693e+00
2.238538714880389247e+00
2.177779411025240197e+00
2.128213358093760110e+00
2.077971734539094673e+00
2.017242956275476118e+00
1.968671354562556264e+00
1.920326118824827066e+00
1.863132009757816121e+00
1.818437981905165035e+00
1.774968281715038732e+00
1.725031663759473588e+00
1.687325958447534413e+00
1.651979428571940911e+00
1.613387130646266598e+00
1.586091759086130981e+00
1.562424415008294432e+00
1.539651959495290434e+00
1.526457652623325778e+00
1.516912758961948882e+00
1.509232480833115453e+00
1.505324660109479851e+00
1.502840060666277289e+00
1.501166345447436434e+00
1.500494815279568961e+00
1.500172577030913335e+00
1.500032156053214827e+00
1.500004610378945724e+00
1.500000173908558665e+00
0.000000000000000000e+00
4.474456566967062628e-03
1.586104804047248906e-02
3.634413339934976922e-02
6.569323013799406585e-02
9.952582144895696925e-02
1.445800693906543477e-01
1.987841692261125837e-01
2.550068073745946906e-01
3.244944432712701943e-01
4.032585498716663164e-01
4.813745468962440932e-01
5.743438631127618654e-01
6.748232588156980460e-01
7.652896788363494629e-01
8.630153266808828771e-01
9.604244551091071225e-01
1.046994837711083370e+00
1.140367296752167192e+00
1.233428466163926762e+00
1.316239721185110234e+00
1.405781573846208277e+00
1.495371210404064399e+00
1.575467964815438382e+00
1.662555521245751899e+00
1.750270703893839874e+00
1.829230369922436816e+00
1.915700463870567472e+00
2.003477276693991005e+00
2.083077892020421373e+00
2.170874752066167979e+00
2.260638607180711190e+00
2.342546597769916694e+00
2.433379697918072182e+00
2.526694557598785806e+00
2.612141117178459204e+00
2.707119850805501216e+00
2.804803779991252632e+00
2.894223820103337452e+00
2.993443100592060979e+00
3.095084601532694712e+00
3.187596866863744438e+00
3.289524147575200175e+00
3.393111995345162946e+00
3.486695706544860940e+00
3.589047028760960600e+00
3.692257888240221497e+00
3.784814089618489419e+00
3.885293852027712713e+00
3.985812843649805703e+00
4.075265625167608263e+00
4.171620203005669936e+00
4.267192822148180298e+00
4.351535879263739304e+00
4.441604170060001522e+00
4.530086852525011309e+00
4.607428484883117292e+00
4.689190379057459168e+00
4.768598578308717251e+00
4.837204118013561427e+00
4.908825807193933244e+00
4.977378505043573931e+00
5.035709222906533000e+00
5.095584329763115150e+00
5.151743982193611515e+00
5.198491599341613423e+00
5.245277206451238072e+00
5.287784228641990047e+00
5.321900259437905234e+00
5.354547029100136690e+00
5.382448046206315340e+00
5.403167314359503592e+00
5.420943023817795137e+00
5.433612253874836817e+00
5.440470054307342096e+00
5.442976018512188041e+00
5.440129307876356179e+00
5.432971829427424737e+00
5.420151843001169922e+00
5.401853039530315037e+00
5.380840814732079203e+00
5.352982412579312843e+00
5.319641933612049733e+00
5.285246238162605081e+00
5.242974246452297038e+00
5.195339873703832545e+00
5.148332156392619652e+00
5.092594678554751120e+00
5.031734786387403346e+00
4.973169366545365122e+00
4.905216518597123709e+00
4.832496111832671914e+00
4.763686532379892036e+00
4.685042404519244030e+00
4.602092503232444898e+00
4.524582069692304032e+00
4.437010543022323006e+00
4.345691600973167645e+00
4.261218767222990422e+00
4.166683952291474924e+00
4.069044129471111049e+00
3.979503506579973759e+00
3.880125691044228109e+00
3.778354916224732740e+00
3.685754778897254447e+00
3.583762872348144946e+00
3.480143725950837208e+00
3.386560969649793584e+00
3.284242512193141117e+00
3.181099031106045416e+00
3.088632590104425368e+00
2.988282445365543438e+00
2.887925124646148589e+00
2.798587625640762688e+00
2.691533140354635201e+00
2.606120609793058041e+00
2.520758438671811597e+00
2.418485166235436079e+00
2.336784069209235426e+00
2.254941076765736963e+00
2.156509998345478962e+00
2.077493314381876122e+00
1.997925308343031947e+00
1.901596233413743953e+00
1.823709692818862083e+00
1.744744523973557948e+00
1.648396219592809686e+00
1.569886106736473774e+00
1.489746725130641103e+00
1.391261288239844074e+00
1.310482448989300774e+00
1.227599246124399635e+00
1.125246819288212796e+00
1.040981745511148970e+00
9.543254415217997666e-01
8.471852157473782619e-01
7.589999638246356373e-01
6.684581455054177113e-01
5.586750437713161599e-01
4.756912677730435468e-01
3.980309217362600349e-01
3.126111510375687574e-01
2.508465721195176634e-01
1.951017904653799262e-01
1.366739053962796324e-01
9.693293337668300313e-02
6.358147311456895101e-02
3.244527312016926707e-02
1.484104492775018859e-02
3.935749816919886443e-03
1.570796326794896336e+00
1.570924173769338905e+00
1.571641289528504348e+00
1.573718603148448247e+00
1.577902089166247634e+00
1.584042184795244168e+00
1.593979761128134109e+00
1.608186160556021704e+00
1.625133192241003277e+00
1.648826063684710519e+00
1.679022632991856945e+00
1.712160556903402631e+00
1.755504297458663654e+00
1.806402948672022335e+00
1.852576348433164766e+00
1.899463538014155795e+00
1.942617479021577998e+00
1.977876211080379809e+00
2.012474081185510855e+00
2.043188132488772624e+00
2.067222976079929442e+00
2.089531521401663205e+00
2.107805682990047114e+00
2.120616638107986507e+00
2.130635858642889069e+00
2.136470130514308785e+00
2.138057197157883671e+00
2.135787092905355955e+00
2.129181475059491291e+00
2.119544653228611075e+00
2.104985224188714810e+00
2.085939716625914819e+00
2.065079006321239419e+00
2.038230252495060846e+00
2.006744855217554857e+00
1.974660256442478001e+00
1.935522177835964808e+00
1.891596890855411051e+00
1.848288403631835219e+00
1.797501837634162491e+00
1.745636081768234593e+00
1.698839388713520915e+00
1.647600483299209939e+00
1.595733814979329868e+00
1.548937121920610505e+00
1.497698216501834434e+00
1.445831548178380999e+00
1.399034855116889187e+00
1.347795949694998274e+00
1.295929281369017527e+00
1.249132588305542857e+00
1.197893682881400856e+00
1.146027014553576695e+00
1.099230321488644968e+00
1.047991416062838077e+00
9.961247477336411249e-01
9.493280546676203802e-01
8.980891492405639331e-01
8.462224809103355838e-01
7.994257878434953835e-01
7.481868824154986886e-01
6.963202140844946264e-01
6.495235210170395845e-01
5.982846155883400074e-01
5.464179472567599616e-01
4.996212541888513936e-01
4.483823487596408364e-01
3.965156804276483427e-01
3.497189873594211962e-01
2.984800819298593089e-01
2.466134135975922570e-01
1.998167205291617732e-01
1.485778150993884994e-01
9.671114676696998536e-02
4.991445369844016433e-02
-1.324451731416230894e-03
-5.319112006387126390e-02
-9.998781313240159840e-02
-1.512267185622171162e-01
-2.030933868945958287e-01
-2.498900799630277558e-01
-3.011289853926762405e-01
-3.529956537248614690e-01
-3.997923467930910579e-01
-4.510312522224368403e-01
-5.028979205543012698e-01
-5.496946136222132795e-01
-6.009335190511048141e-01
-6.528001873825026724e-01
-6.995968804499637095e-01
-7.508357858782217509e-01
-8.027024542089791215e-01
-8.494991472758267603e-01
-9.007380527032311512e-01
-9.526047210331298754e-01
-9.994014140991597239e-01
-1.050640319525429245e+00
-1.102506987854187992e+00
-1.149303680919131931e+00
-1.200542586343891660e+00
-1.252409254671130512e+00
-1.299205947734622058e+00
-1.350444853157352521e+00
-1.402311521482537682e+00
-1.449108214544052586e+00
-1.500347119964001941e+00
-1.552213788286345153e+00
-1.599010481345097823e+00
-1.650249386761112769e+00
-1.702116055079380352e+00
-1.748912748134113571e+00
-1.800151291164725720e+00
-1.851447548287960654e+00
-1.894515043301509660e+00
-1.942197532576396712e+00
-1.977031748497330099e+00
-2.008875355061135348e+00
-2.042899894020061780e+00
-2.066662845772494705e+00
-2.087282563865672458e+00
-2.107649152496995804e+00
-2.120340840075675359e+00
-2.129736669694943796e+00
-2.136445307996586607e+00
-2.138065731400438096e+00
-2.136237672545171051e+00
-2.129288360516857104e+00
-2.119837519745790821e+00
-2.106785572416080221e+00
-2.086178310058072416e+00
-2.065656205112714083e+00
-2.041380369309666598e+00
-2.007115156624061925e+00
-1.975521787507706462e+00
-1.940022063236762184e+00
-1.892098900235434478e+00
-1.849434266969460339e+00
-1.803136537300034981e+00
-1.747914591562725217e+00
-1.709647760323008470e+00
-1.676913461398923388e+00
-1.644576402118372194e+00
-1.623808699202760719e+00
-1.607149856561265411e+00
-1.592108015572718305e+00
-1.583528696755926557e+00
-1.577561354225426093e+00
-1.573263186914540812e+00
-1.571561507942933256e+00
-1.570901709337109597e+00
0.000000000000000000e+00
4.213760798213572745e-02
7.957496280483769557e-02
1.205660875494277695e-01
1.620594226204587485e-01
1.994967774393355542e-01
2.404879021767560299e-01
2.819812372382683452e-01
3.194185920453245231e-01
3.604097167600613938e-01
4.019030517874231934e-01
4.393404065402543024e-01
4.803530721349862920e-01
5.000000000000000000e-01
5.000000000000000000e-01
5.000000000000000000e-01
5.000000000000000000e-01
5.000000000000000000e-01
5.000000000000000000e-01
5.000000000000000000e-01
5.000000000000000000e-01
5.000000000000000000e-01
5.000000000000000000e-01
5.000000000000000000e-01
5.000000000000000000e-01
5.000000000000000000e-01
5.000000000000000000e-01
5.000000000000000000e-01
5.000000000000000000e-01
5.000000000000000000e-01
5.000000000000000000e-01
5.000000000000000000e-01
5.000000000000000000e-01
5.000000000000000000e-01
5.000000000000000000e-01
5.000000000000000000e-01
5.000000000000000000e-01
5.000000000000000000e-01
5.000000000000000000e-01
5.000000000000000000e-01
5.000000000000000000e-01
5.000000000000000000e-01
5.000000000000000000e-01
5.000000000000000000e-01
5.000000000000000000e-01
5.000000000000000000e-01
5.000000000000000000e-01
5.000000000000000000e-01
5.000000000000000000e-01
5.000000000000000000e-01
5.000000000000000000e-01
5.000000000000000000e-01
5.000000000000000000e-01
5.000000000000000000e-01
5.000000000000000000e-01
5.000000000000000000e-01
5.000000000000000000e-01
5.000000000000000000e-01
5.000000000000000000e-01
5.000000000000000000e-01
5.000000000000000000e-01
5.000000000000000000e-01
5.000000000000000000e-01
5.000000000000000000e-01
5.000000000000000000e-01
5.000000000000000000e-01
5.000000000000000000e-01
5.000000000000000000e-01
5.000000000000000000e-01
5.000000000000000000e-01
5.000000000000000000e-01
5.000000000000000000e-01
5.000000000000000000e-01
5.000000000000000000e-01
5.000000000000000000e-01
5.000000000000000000e-01
5.000000000000000000e-01
5.000000000000000000e-01
5.000000000000000000e-01
5.000000000000000000e-01
5.000000000000000000e-01
5.000000000000000000e-01
5.000000000000000000e-01
5.000000000000000000e-01
5.000000000000000000e-01
5.000000000000000000e-01
5.000000000000000000e-01
5.000000000000000000e-01
5.000000000000000000e-01
5.000000000000000000e-01
5.000000000000000000e-01
5.000000000000000000e-01
5.000000000000000000e-01
5.000000000000000000e-01
5.000000000000000000e-01
5.000000000000000000e-01
5.000000000000000000e-01
5.000000000000000000e-01
5.000000000000000000e-01
5.000000000000000000e-01
5.000000000000000000e-01
5.000000000000000000e-01
5.000000000000000000e-01
5.000000000000000000e-01
5.000000000000000000e-01
5.000000000000000000e-01
5.000000000000000000e-01
5.000000000000000000e-01
5.000000000000000000e-01
5.000000000000000000e-01
5.000000000000000000e-01
5.000000000000000000e-01
5.000000000000000000e-01
5.000000000000000000e-01
5.000000000000000000e-01
5.000000000000000000e-01
5.000000000000000000e-01
5.000000000000000000e-01
5.000000000000000000e-01
5.000000000000000000e-01
5.000000000000000000e-01
5.000000000000000000e-01
5.000000000000000000e-01
5.000000000000000000e-01
5.000000000000000000e-01
5.000000000000000000e-01
5.000000000000000000e-01
5.000000000000000000e-01
5.000000000000000000e-01
5.000000000000000000e-01
5.000000000000000000e-01
5.000000000000000000e-01
5.000000000000000000e-01
5.000000000000000000e-01
5.000000000000000000e-01
5.000000000000000000e-01
5.000000000000000000e-01
5.000000000000000000e-01
4.736451353363499428e-01
4.367168600226988273e-01
3.992795052678483891e-01
3.537233209559805802e-01
3.167950455243389030e-01
2.793576907171279045e-01
2.338015063660943138e-01
1.968732309181046303e-01
1.594358760992673485e-01
1.138796917370624717e-01
7.695141628384061239e-02
3.951406146125913121e-02
0.000000000000000000e+00
4.213760797791650525e-02
7.957496279679937556e-02
1.205660875362834228e-01
1.620594226022292195e-01
1.994967774161599539e-01
2.404879021463224853e-01
2.819812371998390299e-01
3.194185919982692745e-01
3.604097166985414935e-01
4.019030517068294950e-01
4.393404064331177805e-01
4.803530719385966652e-01
5.000000000000000000e-01
4.779015996548859890e-01
4.369083270015373111e-01
3.954149920565999676e-01
3.579776373046912319e-01
3.169865126223203600e-01
2.754931775921038439e-01
2.380558227995198395e-01
1.970646980852407970e-01
1.555713630359509825e-01
1.181340082317699353e-01
7.714288350733833344e-02
3.564954845189587107e-02
-1.787806355657683499e-03
-4.277893108210159556e-02
-8.427226613743538097e-02
-1.217096209433268655e-01
-1.627007456654054607e-01
-2.041940807142744174e-01
-2.416314355120105506e-01
-2.826225602191723696e-01
-3.241158952480738265e-01
-3.615532500201658617e-01
-4.025443746742317086e-01
-4.440377096101132404e-01
-4.814750641695717537e-01
-4.992746130292463613e-01
-5.000000000000000000e-01
-5.000000000000000000e-01
-5.000000000000000000e-01
-5.000000000000000000e-01
-5.000000000000000000e-01
-5.000000000000000000e-01
-5.000000000000000000e-01
-5.000000000000000000e-01
-5.000000000000000000e-01
-5.000000000000000000e-01
-5.000000000000000000e-01
-5.000000000000000000e-01
-5.000000000000000000e-01
-5.000000000000000000e-01
-5.000000000000000000e-01
-5.000000000000000000e-01
-5.000000000000000000e-01
-5.000000000000000000e-01
-5.000000000000000000e-01
-5.000000000000000000e-01
-5.000000000000000000e-01
-5.000000000000000000e-01
-5.000000000000000000e-01
-5.000000000000000000e-01
-5.000000000000000000e-01
-5.000000000000000000e-01
-5.000000000000000000e-01
-5.000000000000000000e-01
-5.000000000000000000e-01
-5.000000000000000000e-01
-5.000000000000000000e-01
-5.000000000000000000e-01
-5.000000000000000000e-01
-5.000000000000000000e-01
-5.000000000000000000e-01
-5.000000000000000000e-01
-5.000000000000000000e-01
-5.000000000000000000e-01
-5.000000000000000000e-01
-5.000000000000000000e-01
-5.000000000000000000e-01
-5.000000000000000000e-01
-5.000000000000000000e-01
-5.000000000000000000e-01
-5.000000000000000000e-01
-5.000000000000000000e-01
-5.000000000000000000e-01
-5.000000000000000000e-01
-5.000000000000000000e-01
-5.000000000000000000e-01
-5.000000000000000000e-01
-5.000000000000000000e-01
-5.000000000000000000e-01
-5.000000000000000000e-01
-5.000000000000000000e-01
-5.000000000000000000e-01
-5.000000000000000000e-01
-5.000000000000000000e-01
-5.000000000000000000e-01
-5.000000000000000000e-01
-5.000000000000000000e-01
-5.000000000000000000e-01
-5.000000000000000000e-01
-5.000000000000000000e-01
-5.000000000000000000e-01
-5.000000000000000000e-01
-5.000000000000000000e-01
-5.000000000000000000e-01
-5.000000000000000000e-01
-5.000000000000000000e-01
-5.000000000000000000e-01
-4.998913426873413113e-01
-4.788478436731499199e-01
-4.414104891062486935e-01
-3.958543048993635183e-01
-3.589260295119097721e-01
-3.214886747390749977e-01
-2.759324904269718770e-01
-2.390042150017349654e-01
-2.015668602035966539e-01
-1.560106758679949135e-01
-1.190824004317857787e-01
-8.164504562556590406e-02
-3.608886128236217516e-02
8.394141569975682900e-04
3.827676896488622915e-02
8.383295330801099343e-02
1.207612287456362038e-01
1.581985835502332516e-01
2.037547678855302358e-01
2.406830433150212167e-01
2.781203981082804866e-01
3.236765824194358099e-01
3.606048578233645996e-01
3.980422125772498654e-01
4.435983967773947101e-01
4.805266719643122575e-01
5.000000000000000000e-01
4.736451351970075718e-01
4.367168599254120931e-01
3.992795051938543005e-01
3.537233209025654190e-01
3.167950454808796668e-01
2.793576906816443439e-01
2.338015063396018667e-01
1.968732308967541811e-01
1.594358760824959309e-01
1.138796917260508079e-01
7.695141627646930049e-02
3.951406145739451425e-02
