0.000000000000000000e+00
1.363126627855450282e-07
5.114276692173840851e-06
3.887240651556052903e-05
1.628078669792157426e-04
5.174263960892981629e-04
1.275550350443139212e-03
2.824656752404503327e-03
5.458776238024755541e-03
1.000410172624450339e-02
1.680504959077053218e-02
2.740263111881943020e-02
4.200656508706816783e-02
6.299282109635818971e-02
8.810012423048449448e-02
1.192308015153497325e-01
1.537480613763170800e-01
1.945203062064503885e-01
2.343963140217848462e-01
2.833713103978324765e-01
3.359082114265110608e-01
3.935213919161091312e-01
4.542868360962659668e-01
5.199572767151945385e-01
5.883385552251120254e-01
6.614040891969494851e-01
7.367117013978409235e-01
8.164355958997659979e-01
8.979102016937885455e-01
9.834885864651271570e-01
1.070308662857104354e+00
1.160878635766620981e+00
1.252168760426981553e+00
1.346817088268964291e+00
1.441656766573091941e+00
1.539429093360230594e+00
1.636862039898794530e+00
1.730711584810826098e+00
1.835808034140463230e+00
1.930706356512052135e+00
2.026460352976022783e+00
2.131564610083964695e+00
2.227226749781975990e+00
2.331849229093594822e+00
2.426636849328688506e+00
2.527044986400843740e+00
2.622683580884058507e+00
2.720607414189691653e+00
2.813372617383980590e+00
2.904190439350571307e+00
2.996781207227232180e+00
3.083355591555753783e+00
3.171060008859244661e+00
3.252518010577029273e+00
3.334451738010537625e+00
3.409972001544268494e+00
3.485308886707178644e+00
3.554129927757663232e+00
3.622110335387612956e+00
3.683538219111872181e+00
3.743476690622701941e+00
3.796892028702847810e+00
3.843717234325588983e+00
3.889558258676832470e+00
3.931552061281171184e+00
3.968287100988423077e+00
4.000831638626039855e+00
4.028090287725582641e+00
4.050841470297230629e+00
4.067667438788187262e+00
4.079704011095701688e+00
4.087757099152723228e+00
4.093091828797323473e+00
4.096341358397384447e+00
4.098256304236249647e+00
4.099258678829367675e+00
4.099740862849360568e+00
4.099929931118452942e+00
4.099988543311212652e+00
4.099999303703150133e+00
4.099999998782541510e+00
0.000000000000000000e+00
3.626311992346719672e-03
1.558658383578703094e-02
3.504979039301905214e-02
6.220123395458659193e-02
9.876453533904695770e-02
1.417189947993962307e-01
1.947447821608125629e-01
2.534558264823782436e-01
3.228380379760351637e-01
3.971051967428776419e-01
4.824613911886309059e-01
5.716571213690604392e-01
6.709153385270651970e-01
7.660064809761519822e-01
8.637098719758110610e-01
9.558036329730354996e-01
1.049892398150176209e+00
1.130969226045600795e+00
1.219564686259929420e+00
1.304254576679571453e+00
1.387491751514478011e+00
1.466485829156905840e+00
1.543525423324720203e+00
1.616027176809313737e+00
1.686092386336142557e+00
1.751370767547648644e+00
1.813755112427416938e+00
1.871151907805796988e+00
1.925226355565961889e+00
1.974162822993613675e+00
2.019382131345444531e+00
2.059364835712660824e+00
2.095273050335314302e+00
2.125898838949162872e+00
2.152133890985555187e+00
2.173093958684770399e+00
2.188553513834310849e+00
2.200556300016954570e+00
2.206994098454399200e+00
2.209641774346967402e+00
2.208476483113321454e+00
2.203531311582540120e+00
2.193446438055144387e+00
2.179643731244695459e+00
2.159919740296233126e+00
2.136076293654320502e+00
2.106381972987982021e+00
2.073067294860218457e+00
2.035320437292946316e+00
1.991252065583870579e+00
1.944587539216601657e+00
1.891455563283822361e+00
1.836343894836188317e+00
1.774684053854308718e+00
1.711680944099886803e+00
1.642114965238045121e+00
1.571855685767953537e+00
1.495085015199576262e+00
1.418278002862904064e+00
1.335076732956754775e+00
1.252496446564004273e+00
1.171874344198578388e+00
1.083380819037603748e+00
9.912709586346609703e-01
8.986262590199879385e-01
8.027692879089902700e-01
7.069075668820146152e-01
6.083495485881368348e-01
5.152568082846975539e-01
4.281221464186578674e-01
3.499503387735398152e-01
2.784562887421982991e-01
2.159735439647161026e-01
1.605851935707227340e-01
1.140485288015337106e-01
7.490239866606449026e-02
4.437584295364692399e-02
2.149952236776784403e-02
6.992881835156133756e-03
5.501048900483304378e-04
1.570796326794896336e+00
1.570703925056172734e+00
1.569975997824700320e+00
1.568028574911495943e+00
1.564255074643618126e+00
1.557707193618747654e+00
1.548299000674817183e+00
1.534549223447762900e+00
1.516965240182424735e+00
1.493364106677089520e+00
1.465063235453771373e+00
1.428961285611618726e+00
1.387402428834922041e+00
1.337201015497495593e+00
1.288020997180126193e+00
1.236743748764237427e+00
1.187563730453943700e+00
1.136286482047046631e+00
1.091106320036540733e+00
1.040485310251817008e+00
9.906490533510018404e-01
9.400280435818169078e-01
8.901917866968198645e-01
8.395707769489942907e-01
7.897345200861231040e-01
7.391135103687771490e-01
6.892772535381934684e-01
6.386562438664874497e-01
5.888199870856870577e-01
5.381989774868398690e-01
4.883627207887800692e-01
4.377417113171432894e-01
3.879054547723413404e-01
3.372844455549219855e-01
2.874481893473368466e-01
2.368271807702576059e-01
1.869909255922948266e-01
1.394302870205631484e-01
8.883255241858055429e-02
4.715195346498467222e-02
8.842749903636175010e-03
-3.163764047073905350e-02
-7.216962702072443614e-02
-1.208598944530774322e-01
-1.684475924249697332e-01
-2.196167971164315891e-01
-2.689048554939461599e-01
-3.200740616098986524e-01
-3.693621207297411724e-01
-4.185421386185852466e-01
-4.698193866665622553e-01
-5.189994047311761172e-01
-5.702766529223801673e-01
-6.194566710794082720e-01
-6.707339193508929931e-01
-7.199139375625593917e-01
-7.711911858835908129e-01
-8.203712041302529956e-01
-8.716484524840157899e-01
-9.208284707544382997e-01
-9.721057191309461221e-01
-1.021285737418231143e+00
-1.067906890909652073e+00
-1.117743147819813210e+00
-1.168364157613858589e+00
-1.218200414533443965e+00
-1.268821424336957993e+00
-1.318657681263824433e+00
-1.369197934708912712e+00
-1.414126601592611721e+00
-1.452371743752395972e+00
-1.483381211323012039e+00
-1.508794957712713991e+00
-1.528460230929083341e+00
-1.543658134203455656e+00
-1.554554218095415941e+00
-1.562151830932289487e+00
-1.566853730540771705e+00
-1.569466605624432631e+00
-1.570549325994283762e+00
-1.570790877584847811e+00
0.000000000000000000e+00
3.801828827103847369e-02
7.895365428424218346e-02
1.183841024871671033e-01
1.577281175420681136e-01
1.987499166926655625e-01
2.380939317389448584e-01
2.791157308754449451e-01
3.184597459036783706e-01
3.594815450088156839e-01
3.988255599915273564e-01
4.398473589955335106e-01
4.791913737190094391e-01
5.000000000000000000e-01
5.000000000000000000e-01
5.000000000000000000e-01
5.000000000000000000e-01
5.000000000000000000e-01
5.000000000000000000e-01
5.000000000000000000e-01
5.000000000000000000e-01
5.000000000000000000e-01
5.000000000000000000e-01
5.000000000000000000e-01
5.000000000000000000e-01
5.000000000000000000e-01
5.000000000000000000e-01
5.000000000000000000e-01
5.000000000000000000e-01
5.000000000000000000e-01
5.000000000000000000e-01
5.000000000000000000e-01
5.000000000000000000e-01
5.000000000000000000e-01
5.000000000000000000e-01
5.000000000000000000e-01
5.000000000000000000e-01
5.000000000000000000e-01
5.000000000000000000e-01
5.000000000000000000e-01
5.000000000000000000e-01
5.000000000000000000e-01
5.000000000000000000e-01
5.000000000000000000e-01
5.000000000000000000e-01
5.000000000000000000e-01
5.000000000000000000e-01
5.000000000000000000e-01
5.000000000000000000e-01
5.000000000000000000e-01
5.000000000000000000e-01
5.000000000000000000e-01
5.000000000000000000e-01
5.000000000000000000e-01
5.000000000000000000e-01
5.000000000000000000e-01
5.000000000000000000e-01
5.000000000000000000e-01
5.000000000000000000e-01
5.000000000000000000e-01
5.000000000000000000e-01
5.000000000000000000e-01
5.000000000000000000e-01
5.000000000000000000e-01
5.000000000000000000e-01
5.000000000000000000e-01
5.000000000000000000e-01
5.000000000000000000e-01
4.945473861518648873e-01
4.546783808723429132e-01
4.141815728120485929e-01
3.743125669517488596e-01
3.338157587506815349e-01
2.939467528337584290e-01
2.534499445951613472e-01
2.135809386573333801e-01
1.730841304025015626e-01
1.332151244548395452e-01
9.271831619217635323e-02
5.284931023993506838e-02
1.480103413690329536e-02
0.000000000000000000e+00
-3.801828826517362342e-02
-7.895365427198226815e-02
-1.183841024679985060e-01
-1.577281175159624682e-01
-1.987499166576978948e-01
-2.380939316949893525e-01
-2.791157308192314113e-01
-3.184597458340679976e-01
-3.594815449191685053e-01
-3.988255598770207855e-01
-4.398473588351475838e-01
-4.791913734666688462e-01
-5.000000000000000000e-01
-5.000000000000000000e-01
-5.000000000000000000e-01
-5.000000000000000000e-01
-5.000000000000000000e-01
-5.000000000000000000e-01
-5.000000000000000000e-01
-5.000000000000000000e-01
-5.000000000000000000e-01
-5.000000000000000000e-01
-5.000000000000000000e-01
-5.000000000000000000e-01
-5.000000000000000000e-01
-5.000000000000000000e-01
-5.000000000000000000e-01
-5.000000000000000000e-01
-5.000000000000000000e-01
-5.000000000000000000e-01
-5.000000000000000000e-01
-5.000000000000000000e-01
-5.000000000000000000e-01
-5.000000000000000000e-01
-4.999999973288972166e-01
-4.999999918664146392e-01
-4.993893604015547938e-01
-4.571577583068623385e-01
-4.191084653167226337e-01
-3.807936107582289842e-01
-4.038978374204563182e-01
-4.422163690774559286e-01
-4.842634449946797703e-01
-4.999999886034246499e-01
-4.999999436879265513e-01
-5.000000000000000000e-01
-4.999999804886806620e-01
-5.000000000000000000e-01
-5.000000000000000000e-01
-5.000000000000000000e-01
-5.000000000000000000e-01
-5.000000000000000000e-01
-5.000000000000000000e-01
-5.000000000000000000e-01
-5.000000000000000000e-01
-5.000000000000000000e-01
-5.000000000000000000e-01
-5.000000000000000000e-01
-5.000000000000000000e-01
-5.000000000000000000e-01
-5.000000000000000000e-01
-5.000000000000000000e-01
-5.000000000000000000e-01
-5.000000000000000000e-01
-5.000000000000000000e-01
-5.000000000000000000e-01
-5.000000000000000000e-01
-4.945473857849668753e-01
-4.546783806856420918e-01
-4.141815726842214551e-01
-3.743125668529737604e-01
-3.338157586745714167e-01
-2.939467527723408358e-01
-2.534499445470327350e-01
-2.135809386187538239e-01
-1.730841303732733039e-01
-1.332151244328065864e-01
-9.271831617764103584e-02
-5.284931023152069501e-02
-1.480103413477747154e-02
