0.000000000000000000e+00
1.236795923169797751e-07
4.471236938147751786e-06
4.490306866553740148e-05
1.655370387804839757e-04
5.284857498895668710e-04
1.335713922631417104e-03
2.859880249354687480e-03
5.567019063518236117e-03
9.744100629622984289e-03
1.668941222157821133e-02
2.676960531440209998e-02
4.135878635872879822e-02
6.251123396777327756e-02
8.892429590913059068e-02
1.198928978802501488e-01
1.546795472179768316e-01
1.943884142398309978e-01
2.362886148321537982e-01
2.856434097284803464e-01
3.378998573492808521e-01
3.947946692827188353e-01
4.560694443367587780e-01
5.183797620362904368e-01
5.860744394091973453e-01
6.676190125159653377e-01
7.366298933430729390e-01
8.180572877233794893e-01
9.012132951883071730e-01
9.848161325203161898e-01
1.069539128819441132e+00
1.145470194690752397e+00
1.221083558626143928e+00
1.288342721935046953e+00
1.349589357147187751e+00
1.406115998922426558e+00
1.449499644989120206e+00
1.494121344491858405e+00
1.525370167822809986e+00
1.549460764063048890e+00
1.565358879975157880e+00
1.574816139379008773e+00
1.576497074713799185e+00
1.570677558151400310e+00
1.557197323526279042e+00
1.537092836116161543e+00
1.509069956126686929e+00
1.473178594414372267e+00
1.427437122907198042e+00
1.373658544554851257e+00
1.312483123386500417e+00
1.244969404830010173e+00
1.168629223018412988e+00
1.088379196290737649e+00
9.938419585735613904e-01
8.957605013066715083e-01
7.961099743223652991e-01
6.918612861141060222e-01
5.998653827139861505e-01
5.018875615130029555e-01
3.978716748749420717e-01
3.148935952044039643e-01
2.437969502983208803e-01
1.757934941189186473e-01
1.176643572515689573e-01
6.683511292702136453e-02
2.356849980672208467e-02
-1.050551379301943068e-02
-3.819384790777403255e-02
-5.859792898322327415e-02
-7.182747370057569747e-02
-7.677392621468087652e-02
-7.371881398177254630e-02
-6.323206910981732376e-02
-4.513462099754395052e-02
-2.096447048130553950e-02
1.248407480741375690e-02
5.240040330119109802e-02
9.999395820321657635e-02
1.574004792431203392e-01
2.144860898612137023e-01
2.820369958401178767e-01
3.666987800310711476e-01
4.404284201451998948e-01
5.285598502953546829e-01
6.140654626877383171e-01
6.944392592422299337e-01
7.726164053111725938e-01
8.439220992190235027e-01
9.169956027542410792e-01
9.845303767929978189e-01
1.049026663633235712e+00
1.112279680107530311e+00
1.170633520016471474e+00
1.223628973375108231e+00
1.270880444695336564e+00
1.314188712662948566e+00
1.351124969526304787e+00
1.386080035860647097e+00
1.415386314032921256e+00
1.440218151069656560e+00
1.460034729842955681e+00
1.473762885628789432e+00
1.483673309509929483e+00
1.491073574844013372e+00
1.494841568815429955e+00
1.497447108910066937e+00
1.498856815965262879e+00
1.499548544074518208e+00
1.499857892697531003e+00
1.499965605306637695e+00
1.499996022673505625e+00
1.499999901599931462e+00
0.000000000000000000e+00
3.462951998822128442e-03
1.470721293916885282e-02
3.710035844582079689e-02
6.261763594492060492e-02
9.961049014699709103e-02
1.443112951917218112e-01
1.956796504122792768e-01
2.554228175949195823e-01
3.194674129112533567e-01
3.959689271028651314e-01
4.779641719922222975e-01
5.681179553195360166e-01
6.689061496861576916e-01
7.688257491813597078e-01
8.655996491055535369e-01
9.580813606003133476e-01
1.049604041282701017e+00
1.134599675094287052e+00
1.223416037524444278e+00
1.307274499322883976e+00
1.389226775523782820e+00
1.468693639722260524e+00
1.541754835526735867e+00
1.613729890848172754e+00
1.691722029305182673e+00
1.751309213934454823e+00
1.814957903226972924e+00
1.873347289566241969e+00
1.926008833493420003e+00
1.973788670210064433e+00
2.012420056657320266e+00
2.047493550137329255e+00
2.076229098671383166e+00
2.100647800789659847e+00
2.121907605708038602e+00
2.137510093545873957e+00
2.153018981788880737e+00
2.163612643341568997e+00
2.171662631585999925e+00
2.176933601210766067e+00
2.180058752931982369e+00
2.180613761452455890e+00
2.178693018958343330e+00
2.174252766571985074e+00
2.167668130108163282e+00
2.158594344416812305e+00
2.147200376568663582e+00
2.133133216899420148e+00
2.117364233991807509e+00
2.100586174806826634e+00
2.083670516118792726e+00
2.066764550443033865e+00
2.051748179994366428e+00
2.037957035547202977e+00
2.028357810192996880e+00
2.023565350368563109e+00
2.023871732417486413e+00
2.028678519978201589e+00
2.038483830163229982e+00
2.054109149556825997e+00
2.070188232869144329e+00
2.086334427290762683e+00
2.103664676264562328e+00
2.119803261420066143e+00
2.134807702245729022e+00
2.148153107375366577e+00
2.158979344622387053e+00
2.167943334713688497e+00
2.174623472363476751e+00
2.178978583696177473e+00
2.180609845034153782e+00
2.179601982286830442e+00
2.176138559808211692e+00
2.170137081846238658e+00
2.162051062566154869e+00
2.150682706267157407e+00
2.136776737594487940e+00
2.119611069455569652e+00
2.097899944037519226e+00
2.075033405425521060e+00
2.046084798827529916e+00
2.006452956327510861e+00
1.968435339875509449e+00
1.917968552924913972e+00
1.863077908983982844e+00
1.805605909188425118e+00
1.743625839553894163e+00
1.681212839361778233e+00
1.610611811779968150e+00
1.538486696676992338e+00
1.462372150214389155e+00
1.379505155759473078e+00
1.294203306002021492e+00
1.207510030958154346e+00
1.120732865809959566e+00
1.030857456909462622e+00
9.435900660605009982e-01
8.481836440959351631e-01
7.538219993838344291e-01
6.571959174242909540e-01
5.604913477930721921e-01
4.741664321130962811e-01
3.925051677548669904e-01
3.084375202022855422e-01
2.477878088176160565e-01
1.870294660003157250e-01
1.355978034485025296e-01
9.348604205764654562e-02
5.887716665423708973e-02
3.337998403304473505e-02
1.403932507206468935e-02
3.147261603708205110e-03
1.570796326794896336e+00
1.570709743058174457e+00
1.570042725569349207e+00
1.567780778675382791e+00
1.564189194850877485e+00
1.557538917030036441e+00
1.547675000086742081e+00
1.534284448794192457e+00
1.516333157403443765e+00
1.494576690937077679e+00
1.465512146084140710e+00
1.430949032896801087e+00
1.389118632101491668e+00
1.338234778091912380e+00
1.286553080663972892e+00
1.235743266992335165e+00
1.186334044445554792e+00
1.136445749582864817e+00
1.089060029989971090e+00
1.038250216318327812e+00
9.888409937715408882e-01
9.389526989088430309e-01
8.887736740334879482e-01
8.407571656442884844e-01
7.913479430974896811e-01
7.349213571906088038e-01
6.893290401620808527e-01
6.376473427349772516e-01
5.868375290633042196e-01
5.374305813971242962e-01
4.900135460531145348e-01
4.517227058102937232e-01
4.175347539618124992e-01
3.904633119771619421e-01
3.686713297725453531e-01
3.511697650379534963e-01
3.396280095713434255e-01
3.297168447960601712e-01
3.241921799604097210e-01
3.209399893205819865e-01
3.194421622036432429e-01
3.189283962046113308e-01
3.188858557545348749e-01
3.186676860662615018e-01
3.176317386431806722e-01
3.152699742407881200e-01
3.108426381108297387e-01
3.036958995532111905e-01
2.926656435010773771e-01
2.774232576410705642e-01
2.575727897894292684e-01
2.330095277000879261e-01
2.023157216950801085e-01
1.670939824084932690e-01
1.221142682622061992e-01
7.295220352008674469e-02
2.306390865739653406e-02
-2.906669941517777550e-02
-7.513162460694813860e-02
-1.242005786792269306e-01
-1.732589160234611070e-01
-2.090828570534427333e-01
-2.371452935148328223e-01
-2.614009770593630488e-01
-2.798383461833993113e-01
-2.939369695307498809e-01
-3.041745190705134605e-01
-3.108509780611878326e-01
-3.151613367645463848e-01
-3.174972322212769593e-01
-3.184572183863798589e-01
-3.186178942672445169e-01
-3.186981522816673684e-01
-3.193435433908647370e-01
-3.211948390485468430e-01
-3.246476858876505278e-01
-3.308206345354639533e-01
-3.398919753676975519e-01
-3.527521770069473872e-01
-3.708536341748351894e-01
-3.914048975697761446e-01
-4.187691081768634693e-01
-4.575380208288525874e-01
-4.953044154563919221e-01
-5.452293108387344933e-01
-5.960391167996564876e-01
-6.454483393463007479e-01
-6.953366342088584950e-01
-7.427223538016471949e-01
-7.935321674731652397e-01
-8.429413900198308163e-01
-8.928296848824097687e-01
-9.449602929549785202e-01
-9.966419903819622172e-01
-1.047451804053505020e+00
-1.096861026600194577e+00
-1.146749321462795512e+00
-1.194135041055617963e+00
-1.244944854727176198e+00
-1.294354077273879522e+00
-1.344242495520324265e+00
-1.392815406611034756e+00
-1.432625492310822368e+00
-1.466894779200694110e+00
-1.498492638736000249e+00
-1.518762314349991094e+00
-1.536682817498500775e+00
-1.549737120374804711e+00
-1.558739921246806048e+00
-1.564770571143236921e+00
-1.568224013034273501e+00
-1.570093566565798016e+00
-1.570721136143099494e+00
0.000000000000000000e+00
3.711580444428583259e-02
7.664318287640517480e-02
1.217844520513284567e-01
1.582583060354184890e-01
1.996036643845771064e-01
2.402515157178952143e-01
2.797788941341925462e-01
3.196895303978923852e-01
3.575981064203398452e-01
3.982459577052592792e-01
4.377733360324571610e-01
4.776839720495694719e-01
5.000000000000000000e-01
5.000000000000000000e-01
5.000000000000000000e-01
5.000000000000000000e-01
5.000000000000000000e-01
5.000000000000000000e-01
5.000000000000000000e-01
5.000000000000000000e-01
5.000000000000000000e-01
5.000000000000000000e-01
5.000000000000000000e-01
5.000000000000000000e-01
5.000000000000000000e-01
5.000000000000000000e-01
5.000000000000000000e-01
5.000000000000000000e-01
5.000000000000000000e-01
4.684211039964903955e-01
4.305125281041107810e-01
3.898646768573229004e-01
3.503372984791877087e-01
3.104266622242854434e-01
2.687221753709104766e-01
2.318702348613067565e-01
1.867289656949187859e-01
1.472015872678431037e-01
1.072909509816417917e-01
6.938237492942031515e-02
2.873452358612341856e-02
-1.079285484654575467e-02
-5.070349113561710419e-02
-9.084671143651984471e-02
-1.292599185300019604e-01
-1.687872969584794380e-01
-2.086979332403030019e-01
-2.504024201036830211e-01
-2.917477784421131926e-01
-3.323956297583778308e-01
-3.719230081481046390e-01
-4.118336443652533818e-01
-4.497422203137070862e-01
-4.903900712877254930e-01
-5.000000000000000000e-01
-5.000000000000000000e-01
-5.000000000000000000e-01
-5.000000000000000000e-01
-4.886366092975895636e-01
-4.434953405095269918e-01
-4.035847043338153251e-01
-3.656761283329694190e-01
-3.250282770308681735e-01
-2.855008986246744263e-01
-2.455902623527899120e-01
-2.054470420611637649e-01
-1.670338349725208338e-01
-1.275064565441518805e-01
-8.759582025711173947e-02
-4.589133338278931357e-02
-4.545975027884993636e-03
3.610187631576097789e-02
7.562925474780854418e-02
1.155398910352329334e-01
1.534484670857474420e-01
1.940963184235204586e-01
2.336236968463289987e-01
2.735343331199111550e-01
3.152388199713938022e-01
3.520907604640662880e-01
3.916181388422354526e-01
4.367594079108642058e-01
4.732332616879201259e-01
5.000000000000000000e-01
5.000000000000000000e-01
5.000000000000000000e-01
5.000000000000000000e-01
5.000000000000000000e-01
5.000000000000000000e-01
5.000000000000000000e-01
5.000000000000000000e-01
5.000000000000000000e-01
5.000000000000000000e-01
5.000000000000000000e-01
5.000000000000000000e-01
5.000000000000000000e-01
5.000000000000000000e-01
5.000000000000000000e-01
5.000000000000000000e-01
5.000000000000000000e-01
4.744325927478000304e-01
4.360193858695439184e-01
3.964920075408251421e-01
3.513507384265369682e-01
3.148768844711031800e-01
2.735315261381673912e-01
2.328836748104875509e-01
1.933562963880738894e-01
1.534456601052245905e-01
1.155370840549673622e-01
7.488923271335218290e-02
3.536185428165087435e-02
0.000000000000000000e+00
-3.711580444396603284e-02
-7.664318287571578181e-02
-1.217844520502530670e-01
-1.582583060340314873e-01
-1.996036643828730528e-01
-2.402515157158385817e-01
-2.797788941317672640e-01
-3.196895303950617606e-01
-3.575981064171382950e-01
-3.982459577015101670e-01
-4.377733360279492114e-01
-4.776839720435258063e-01
-5.000000000000000000e-01
-5.000000000000000000e-01
-5.000000000000000000e-01
-5.000000000000000000e-01
-5.000000000000000000e-01
-5.000000000000000000e-01
-5.000000000000000000e-01
-5.000000000000000000e-01
-5.000000000000000000e-01
-5.000000000000000000e-01
-5.000000000000000000e-01
-5.000000000000000000e-01
-5.000000000000000000e-01
-5.000000000000000000e-01
-5.000000000000000000e-01
-5.000000000000000000e-01
-5.000000000000000000e-01
-4.680785479554950279e-01
-4.301699720567685459e-01
-3.895221208075006492e-01
-3.499947424282327524e-01
-3.100841061726576364e-01
-2.683796193188389134e-01
-2.315276788089551396e-01
-1.863864096422807592e-01
-1.468590312149965493e-01
-1.069483949286195029e-01
-6.903981887627422265e-02
-2.839196753284187191e-02
1.113541089994790276e-02
5.104604718913020173e-02
9.118926749012436217e-02
1.296024745836968362e-01
1.691298530122671562e-01
2.090404892941818971e-01
2.507449761576504565e-01
2.920903344961641723e-01
3.327381858125235681e-01
3.722655642023527944e-01
4.121762004196223850e-01
4.500847763682042646e-01
4.907326273425477448e-01
5.000000000000000000e-01
5.000000000000000000e-01
5.000000000000000000e-01
5.000000000000000000e-01
4.885485797769612004e-01
4.434073109886996211e-01
4.034966748129322767e-01
3.655880988120621677e-01
3.249402475099441578e-01
2.854128691037424170e-01
2.455022328318554048e-01
2.053590125402307009e-01
1.669458054515921830e-01
1.274184270232308069e-01
8.750779073620107429e-02
4.580330386189157554e-02
4.457945507001777850e-03
-3.618990583662529126e-02
-7.571728426865026451e-02
-1.156279205560471479e-01
-1.535364966065347059e-01
-1.941843479442670883e-01
-2.337117263670231426e-01
-2.736223626405331899e-01
-3.153268494919129195e-01
-3.521787899844555092e-01
-3.917061683623547785e-01
-4.368474374302661056e-01
-4.733212912046403931e-01
-5.000000000000000000e-01
-5.000000000000000000e-01
-5.000000000000000000e-01
-5.000000000000000000e-01
-5.000000000000000000e-01
-5.000000000000000000e-01
-5.000000000000000000e-01
-5.000000000000000000e-01
-5.000000000000000000e-01
-5.000000000000000000e-01
-5.000000000000000000e-01
-5.000000000000000000e-01
-5.000000000000000000e-01
-5.000000000000000000e-01
-5.000000000000000000e-01
-5.000000000000000000e-01
-5.000000000000000000e-01
-4.744325927533031284e-01
-4.360193858738774519e-01
-3.964920075444539060e-01
-3.513507384296086222e-01
-3.148768844737930839e-01
-2.735315261405073528e-01
-2.328836748124720746e-01
-1.933562963897189624e-01
-1.534456601065318226e-01
-1.155370840559984957e-01
-7.488923271403466475e-02
-3.536185428196932101e-02
