0.000000000000000000e+00
1.264896956669769783e-07
4.544081065269005450e-06
3.640453237799394254e-05
1.668443998292093227e-04
5.313848366719856877e-04
1.340875246768033144e-03
2.867796252172130980e-03
5.578121063517847353e-03
9.758568859005806173e-03
1.670815702192166019e-02
2.679424679871410600e-02
4.139393118389522036e-02
6.040135248807194240e-02
8.587160316519545922e-02
1.153787223922288774e-01
1.498420650013742583e-01
1.891636487119826016e-01
2.310962521220274457e-01
2.785148442591218743e-01
3.306803656584891282e-01
3.896632240385477508e-01
4.454736775813994409e-01
5.090185995991158840e-01
5.768883226941263764e-01
6.516101297494611977e-01
7.293396342030569190e-01
8.091026835000156847e-01
8.896512634557347532e-01
9.737763027245650571e-01
1.056118729947322032e+00
1.146452767815337115e+00
1.230789828127924590e+00
1.310055310213347646e+00
1.379361186090111602e+00
1.446788425658032562e+00
1.505256170626004586e+00
1.556981794450738921e+00
1.601448996888472642e+00
1.636774123658921276e+00
1.665729228602688350e+00
1.687311105685273871e+00
1.701614234529092551e+00
1.707203234394476299e+00
1.705881708338753189e+00
1.695095954319641329e+00
1.679167438901609577e+00
1.653258194414761517e+00
1.619644585408219761e+00
1.579185552220110811e+00
1.530500452651305965e+00
1.476884426620337365e+00
1.411305565122461303e+00
1.339433973321750848e+00
1.258676010809174795e+00
1.174285142562000228e+00
1.075599732120898100e+00
9.765733624875101437e-01
8.770516624437583175e-01
7.833900844534651409e-01
7.016724401522924648e-01
6.255798502542746498e-01
5.569052819550505129e-01
4.938019589263287767e-01
4.398838166145566664e-01
3.951582660769137889e-01
3.594580864802699449e-01
3.332749012386981291e-01
3.114551154294986635e-01
2.981066481071587004e-01
2.928112249073835938e-01
2.951479694508341578e-01
3.045271445473325400e-01
3.223429245986348946e-01
3.473312037994277790e-01
3.801963781687224264e-01
4.184819553362526534e-01
4.671203651539460600e-01
5.218082303293843927e-01
5.842452839382861196e-01
6.569817248554238320e-01
7.273436169082078129e-01
8.086972882269443108e-01
8.963207462560784933e-01
9.882009530617452686e-01
1.076525283211311468e+00
1.160477748481014704e+00
1.239198145985402233e+00
1.315580404401061054e+00
1.385077225805670054e+00
1.456113846318584981e+00
1.521581893492402138e+00
1.583907202844011763e+00
1.639437294001093726e+00
1.694850051567659666e+00
1.744514923102068460e+00
1.790320041277910557e+00
1.831877499614272597e+00
1.867289831677241274e+00
1.899228587365533016e+00
1.926771309946403221e+00
1.950411422592196686e+00
1.966267777430303010e+00
1.978491430843935639e+00
1.987829826632214303e+00
1.992718152201787607e+00
1.996210925379931833e+00
1.998187628104966862e+00
1.999217243733678817e+00
1.999718073024936649e+00
1.999916040281891627e+00
1.999985172065396277e+00
1.999998874321053499e+00
1.999999996223810639e+00
0.000000000000000000e+00
3.493540416184362854e-03
1.480180725296329977e-02
3.412882670624999698e-02
6.280676768177353986e-02
9.981017152967057438e-02
1.445012893269209120e-01
1.958467337417849619e-01
2.555593475453847851e-01
3.195740313096393503e-01
3.960496697509747199e-01
4.780344144933815764e-01
5.682033633681479179e-01
6.597917548459970583e-01
7.581598548588922570e-01
8.524227232056224013e-01
9.460021155032525275e-01
1.038292398475346712e+00
1.124663491082952049e+00
1.211358596141661970e+00
1.296440570606552267e+00
1.382481792966179457e+00
1.455873437971731965e+00
1.531660035358566763e+00
1.604908268455551124e+00
1.677733922699636171e+00
1.745990746562263940e+00
1.809101454390205532e+00
1.866525969195492962e+00
1.920421570263515232e+00
1.967691088922523424e+00
2.013806758391377461e+00
2.051969906268636734e+00
2.084091571502340479e+00
2.109574186886561620e+00
2.132325688131734065e+00
2.150637245260075048e+00
2.165889264347567789e+00
2.178393325871388342e+00
2.187990446301330216e+00
2.195677983655789589e+00
2.201326338086564416e+00
2.205042296392443646e+00
2.206490632964825949e+00
2.206148327354810590e+00
2.203357600018462037e+00
2.199253477478654073e+00
2.192644789773055436e+00
2.184237108510759917e+00
2.174429618737036662e+00
2.163169989811104088e+00
2.151564164206524410e+00
2.138655277690435952e+00
2.126312440929535530e+00
2.114916168300759125e+00
2.106046206685537658e+00
2.099934248191464015e+00
2.098653070760685413e+00
2.102293019138223862e+00
2.110127021330090447e+00
2.120234690368438368e+00
2.132164899748419273e+00
2.144846675343896614e+00
2.157948731422511202e+00
2.170120591023986023e+00
2.180808012145420527e+00
2.189662699593776907e+00
2.196306383833124265e+00
2.201918343539500889e+00
2.205375454602459317e+00
2.206749942516175178e+00
2.206143164818247016e+00
2.203705057870928297e+00
2.199053268170549913e+00
2.192461071063696920e+00
2.183629553485544328e+00
2.173050752978589628e+00
2.159062413361654720e+00
2.142469239741402909e+00
2.122222137525902941e+00
2.096611792279256647e+00
2.069455569334593292e+00
2.034733705903388312e+00
1.992765250894515949e+00
1.942970674056324842e+00
1.888979151012661006e+00
1.831551797483762734e+00
1.771714162830758887e+00
1.707447325356664214e+00
1.642957259947247284e+00
1.570227552866726439e+00
1.496126900368979662e+00
1.418117501670748570e+00
1.341232425874147927e+00
1.255979253556364528e+00
1.170503755803340873e+00
1.081840584934756766e+00
9.904891148569866521e-01
9.012397663633703315e-01
8.077499366873377440e-01
7.118536704494740075e-01
6.103130388477751023e-01
5.238274433273417685e-01
4.379500096343431070e-01
3.489587484312005605e-01
2.842845989411909025e-01
2.189414056304912759e-01
1.629934352961819877e-01
1.164867136528284497e-01
7.743528322346150683e-02
4.770721939898515951e-02
2.380647342271421246e-02
8.447182930425218769e-03
8.325731840858642541e-04
1.570796326794896336e+00
1.570708557185993559e+00
1.570035347655079683e+00
1.568135739879657375e+00
1.564156319803340356e+00
1.557491236584032546e+00
1.547613826779776325e+00
1.534212395327724021e+00
1.516253150321849041e+00
1.494492205820058928e+00
1.465426233424922398e+00
1.430863833007610664e+00
1.389031189005842215e+00
1.342884297284281159e+00
1.292112967000258461e+00
1.242781552714325555e+00
1.192986589692540456e+00
1.142902060345066362e+00
1.094972513758889487e+00
1.045646081068028810e+00
9.958291839655705191e-01
9.437574374331798577e-01
8.977344803962712394e-01
8.483672372874726531e-01
7.985246197749109598e-01
7.464463221368722312e-01
6.948156164101833010e-01
6.440491097882719007e-01
5.946715950486813895e-01
5.447953455935489187e-01
4.973843600498777384e-01
4.469036423242936928e-01
4.035737237836138358e-01
3.669276655699215128e-01
3.381577390550732920e-01
3.132209492437337817e-01
2.941988540074000902e-01
2.795884300672983880e-01
2.689159941117911234e-01
2.618984031124854672e-01
2.573123141331385977e-01
2.547743001295720289e-01
2.536833278230006261e-01
2.534750242846142698e-01
2.534397304048383592e-01
2.528633212677923181e-01
2.513812438521176862e-01
2.479331055568237685e-01
2.420539331304339403e-01
2.333317790483257492e-01
2.208873524170714975e-01
2.051008702069771761e-01
1.832405475418365792e-01
1.564796522624305464e-01
1.233257419267304589e-01
8.554291227400992459e-02
3.767744134544784296e-02
-1.176884665602061578e-02
-6.128445723725650662e-02
-1.051373777911677188e-01
-1.403123814452950646e-01
-1.702295716264806136e-01
-1.945932232544141383e-01
-2.144578361259110721e-01
-2.292018527650529491e-01
-2.395874641875465616e-01
-2.464266286945858975e-01
-2.504274360356992801e-01
-2.528974377046420141e-01
-2.538542846280957832e-01
-2.540306126281066668e-01
-2.540886094366989756e-01
-2.546099837567937785e-01
-2.563096825212944907e-01
-2.597166694918376373e-01
-2.655445263595840322e-01
-2.738826521335538389e-01
-2.864961590379361267e-01
-3.030203633306107758e-01
-3.245952414726083202e-01
-3.530806123772357585e-01
-3.838984321705374847e-01
-4.234106741578528843e-01
-4.706009810023920603e-01
-5.228042546059844531e-01
-5.744886676172253903e-01
-6.252591011081429784e-01
-6.746094535929447744e-01
-7.244272269852103374e-01
-7.717418399338649149e-01
-8.224796646179920456e-01
-8.718284676277201495e-01
-9.216633244487062449e-01
-9.689983638257793075e-01
-1.019746228208053163e+00
-1.069084940658664440e+00
-1.118894065624342682e+00
-1.168988107652671138e+00
-1.216919519385872839e+00
-1.266245374128541545e+00
-1.316074946512863164e+00
-1.368144417141907043e+00
-1.410086227721039975e+00
-1.448166693332797461e+00
-1.483681317159621704e+00
-1.506779766323855796e+00
-1.527542304281760188e+00
-1.543014502531650400e+00
-1.554012166381710580e+00
-1.561701455940520900e+00
-1.566399698020229270e+00
-1.569245898007431084e+00
-1.570468007910140518e+00
-1.570785961626085303e+00
0.000000000000000000e+00
3.719648691064357526e-02
7.655750475645949071e-02
1.161622369738264660e-01
1.575112189390557027e-01
1.985194262101651619e-01
2.388641253092826933e-01
2.781266093014985730e-01
3.178009668337671290e-01
3.555158132545599425e-01
3.959956824906478712e-01
4.354103493273707715e-01
4.752700902702914343e-01
4.974543801450058700e-01
4.971886592016852568e-01
4.970790477597417101e-01
4.971073081511943048e-01
4.971914183317256430e-01
4.972787029278458171e-01
4.973955115957134909e-01
4.975438536846044091e-01
4.976856400269464853e-01
4.977572450321626762e-01
4.977666216721106096e-01
4.977384148759668170e-01
4.977276600964177788e-01
4.977652590573735658e-01
4.978290410678598010e-01
4.979224102702120569e-01
4.981121948420247914e-01
4.984178123213196532e-01
4.856355486610192118e-01
4.461701993146615086e-01
4.063531531768423966e-01
3.685628219031847341e-01
3.280478769358390334e-01
2.886405833960959955e-01
2.488427473430197545e-01
2.088077598932616685e-01
1.704922576866266248e-01
1.310592395270521460e-01
9.124069013350113999e-02
4.963127927605383294e-02
1.286330968915867790e-02
-2.657477098226247725e-02
-7.161173337252482729e-02
-1.079987176503151014e-01
-1.492401945239100747e-01
-1.897800241845691294e-01
-2.291975372750049422e-01
-2.689918717458199549e-01
-3.067809649687573970e-01
-3.472883440482679163e-01
-3.866684624917690050e-01
-4.264315762080257421e-01
-4.642090581628972590e-01
-4.985081574503463786e-01
-4.984477645538571422e-01
-4.857486550384674806e-01
-4.456682815728469360e-01
-4.073438199788345093e-01
-3.679303176832884326e-01
-3.281443473110173814e-01
-2.865700901738181261e-01
-2.453506865669543846e-01
-2.048229364511377215e-01
-1.654079059070839575e-01
-1.290348126277473528e-01
-8.780049873329309751e-02
-4.725875067284493469e-02
-7.832874442956936842e-03
3.197521016704191893e-02
6.978506501929652994e-02
1.103273114528778576e-01
1.497507853096036179e-01
1.895529794217065689e-01
2.273538398068971067e-01
2.678841846144960903e-01
3.072947534225147215e-01
3.470825875432864138e-01
3.886590939260365918e-01
4.254168790996816774e-01
4.648945279429707034e-01
4.987386202059504448e-01
4.982976671222051901e-01
4.979324976975474382e-01
4.977215165220347792e-01
4.976117302990328284e-01
4.975470194512636724e-01
4.975444555611208131e-01
4.976086475186925484e-01
4.976883938109312178e-01
4.977224272493248058e-01
4.976855164866118564e-01
4.975915950346062044e-01
4.974905264323781218e-01
4.974015270283128620e-01
4.973088153360162300e-01
4.972310725864368397e-01
4.972499156062776260e-01
4.974419638048369618e-01
4.931562521060535720e-01
4.563065450365111908e-01
4.168365247913010108e-01
3.718098706565354794e-01
3.354512147467944017e-01
2.942568380742535128e-01
2.537809623576156026e-01
2.144512529163349335e-01
1.747831780441367888e-01
1.371596005880698632e-01
9.687996933140062550e-02
5.773009237058758514e-02
1.805467005254772495e-02
0.000000000000000000e+00
-3.728621509312684407e-02
-7.690069434165704154e-02
-1.168656402942897798e-01
-1.586021701175888698e-01
-1.999578798311079098e-01
-2.405942974085393815e-01
-2.800895545899181882e-01
-3.199488747487273521e-01
-3.577886385868721542e-01
-3.983392458546748394e-01
-4.377610349974225823e-01
-4.775854672896383546e-01
-4.997486772081372597e-01
-4.994724431144058618e-01
-4.993205168056622512e-01
-4.992355177708285296e-01
-4.991767839719287725e-01
-4.991349188781774027e-01
-4.991123789613090000e-01
-4.991086427485609267e-01
-4.991110702071944738e-01
-4.991071242323715795e-01
-4.990918235803864511e-01
-4.990700959282759475e-01
-4.990555418340870686e-01
-4.990605394417587659e-01
-4.990816291661178683e-01
-4.991237307936145506e-01
-4.992159203949936286e-01
-4.993962504371242117e-01
-4.874987211930915665e-01
-4.480099349011355536e-01
-4.081660992748978312e-01
-3.703384555686590751e-01
-3.297690634427796752e-01
-2.903004422229722992e-01
-2.504358916943555946e-01
-2.103284723970398895e-01
-1.719389481339986814e-01
-1.324264594718252974e-01
-9.252495946925379244e-02
-5.082598177406887074e-02
-1.397704489337271705e-02
2.554813076166409860e-02
7.068305374165514965e-02
1.071471370109346732e-01
1.484740259617464697e-01
1.890947299888844912e-01
2.285846388487740577e-01
2.684441326324511490e-01
3.062906108726424215e-01
3.468558607955730122e-01
3.862839295832078412e-01
4.260832202245609102e-01
4.638873213375471205e-01
4.992645313422817699e-01
4.992642392209084012e-01
4.862268432767808957e-01
4.461380241493261289e-01
4.077927418263044279e-01
3.683423954013400614e-01
3.285047876672447797e-01
2.868649219994684474e-01
2.455711713260076423e-01
2.049600935362954068e-01
1.654552388712558497e-01
1.289937982627703261e-01
8.765492302287172799e-02
4.700674526994438884e-02
7.474964180833739216e-03
-3.244076482009417700e-02
-7.035161181200520752e-02
-1.109988090211367073e-01
-1.505199021164911333e-01
-1.904150373543599395e-01
-2.282969207060691619e-01
-2.689040663096251560e-01
-3.083795028359128665e-01
-3.482224075526550999e-01
-3.898399947309972857e-01
-4.266148068655675196e-01
-4.660839261207047057e-01
-4.996225912928507484e-01
-4.993239316987984622e-01
-4.991350847685486203e-01
-4.990539410903695461e-01
-4.990199029979268674e-01
-4.990038908379033078e-01
-4.990048214381181402e-01
-4.990213798803854739e-01
-4.990401059789796312e-01
-4.990490169071482573e-01
-4.990457570068637105e-01
-4.990384378878128802e-01
-4.990430534526347772e-01
-4.990696759266177174e-01
-4.991141885947578127e-01
-4.991741192056843857e-01
-4.992792384442360509e-01
-4.994886720504045918e-01
-4.952191324695839891e-01
-4.584006464637820910e-01
-4.189504852617190189e-01
-3.739058179000207538e-01
-3.374969803875189633e-01
-2.962071784669098595e-01
-2.555962784359326889e-01
-2.160868383953327976e-01
-1.761771709759961668e-01
-1.382574359577051493e-01
-9.758833258403218358e-02
-5.803292696092286068e-02
-1.807985359314099108e-02
