0.000000000000000000e+00
-2.128067345119352475e-07
-6.022523697449735773e-06
-4.386832893696541481e-05
-1.809071972846965082e-04
-5.293112586803871977e-04
-1.143964501792013892e-03
-2.312473294963915491e-03
-3.985437665159173928e-03
-6.112712017468904975e-03
-8.548476937334091585e-03
-1.103096869830970383e-02
-1.316214458266935956e-02
-1.436949064734724391e-02
-1.413145764114306750e-02
-1.205553982378968977e-02
-7.750166438949174924e-03
-8.258101188128880860e-04
9.103390157635476987e-03
2.241739850929316477e-02
3.948736054957006220e-02
6.067191339186230742e-02
8.631237668590686918e-02
1.166386789607141150e-01
1.516231328582378080e-01
1.911794572435892015e-01
2.352100955114833081e-01
2.836064561872388978e-01
3.362491807427565593e-01
3.930084379669618322e-01
4.537442441647223657e-01
5.183068083945396864e-01
5.865369018935642220e-01
6.582662507788330508e-01
7.333179510562239933e-01
8.115069049135994472e-01
8.926402772221233572e-01
9.765179711198970214e-01
1.062933121504994194e+00
1.151672605220807277e+00
1.242517566675450658e+00
1.335243957598909015e+00
1.429623089606724129e+00
1.525422198207464719e+00
1.622405016862981553e+00
1.720332359685656787e+00
1.818962711335558646e+00
1.918052822662657420e+00
2.017358310625084972e+00
2.102450474046227313e+00
2.202169702187088962e+00
2.301397062788111736e+00
2.399884539124403027e+00
2.497385963796408870e+00
2.593657634020209102e+00
2.688458920757560655e+00
2.781552870163176649e+00
2.872706795845934025e+00
2.961692860463672972e+00
3.048288645197895885e+00
3.132277705684980873e+00
3.213450113014367115e+00
3.291602978441503069e+00
3.366540960504045721e+00
3.438076753273786146e+00
3.506031554523920235e+00
3.570235512641499298e+00
3.630528151168004314e+00
3.686758769906917976e+00
3.738786821595732945e+00
3.786482263200913412e+00
3.829725880957751905e+00
3.868409588342696992e+00
3.902436696233371194e+00
3.931722154581024142e+00
3.956219990973568024e+00
3.976137297580751184e+00
3.991823892229882098e+00
4.003647682886838588e+00
4.011989009548702967e+00
4.017236823422679848e+00
4.019784610118951385e+00
4.020073235671302925e+00
4.018829787081792837e+00
4.016711254592658875e+00
4.014214332873657476e+00
4.011695583506250884e+00
4.009391741955796284e+00
4.007440010149836418e+00
4.005898293283330247e+00
4.004761252571356067e+00
4.003898762574249481e+00
4.003135907557710205e+00
4.002456211077330295e+00
4.001859680201192759e+00
4.001346321132551509e+00
4.000916139209767408e+00
4.000569138906251432e+00
4.000305323830419368e+00
4.000124696725652740e+00
4.000040018568065570e+00
4.000005199566034619e+00
4.000000156554572861e+00
4.000000000007407408e+00
0.000000000000000000e+00
4.390322568200632700e-03
1.675913773543021706e-02
3.710640890235223505e-02
6.543186107223936121e-02
1.017344454714007307e-01
1.419121353932924490e-01
1.965543836737566052e-01
2.591653070902625311e-01
3.297450640091615370e-01
4.082976280143968961e-01
4.948307702716064349e-01
5.893537637417629593e-01
6.886792737802734932e-01
7.880111304040676723e-01
8.873209585553628598e-01
9.865583845518208772e-01
1.085646640078502090e+00
1.184478015673414930e+00
1.282909424884841387e+00
1.380758141862969079e+00
1.477797792806902599e+00
1.573754789554472122e+00
1.668334905526881240e+00
1.761292804236508580e+00
1.852399226338016458e+00
1.941429478728645908e+00
2.028163988702239795e+00
2.112388845474983512e+00
2.193896327747311581e+00
2.272485416000868508e+00
2.347962288267066988e+00
2.420140798144534422e+00
2.488842933886537878e+00
2.553899257426144320e+00
2.615149322256367093e+00
2.672442069134691955e+00
2.725636198636063323e+00
2.774600519635525231e+00
2.819214272861052528e+00
2.859367428718606163e+00
2.894960958654907213e+00
2.925907079388657461e+00
2.952129469407874574e+00
2.973563457199406734e+00
2.990156180746391446e+00
3.001866717900301573e+00
3.008666187306043405e+00
3.010537819631196044e+00
3.008216703862276464e+00
3.000868753177878379e+00
2.988546101335672667e+00
2.971279548547752558e+00
2.949112252203840434e+00
2.922099619000291693e+00
2.890309166452207368e+00
2.853820354134810167e+00
2.812724385075887401e+00
2.767123977795719725e+00
2.717133109564274562e+00
2.662876731517388240e+00
2.604490456344003224e+00
2.542120219325068931e+00
2.475921913571341282e+00
2.406061000371793490e+00
2.332712095626563453e+00
2.256058533398143773e+00
2.176291907671701775e+00
2.093611593469898224e+00
2.008224248519161925e+00
1.920343296713000303e+00
1.830188394663414098e+00
1.737984882673761611e+00
1.643963221505356120e+00
1.548358416345584354e+00
1.451415920180201269e+00
1.353428182754339293e+00
1.254673366569750481e+00
1.155380662001218806e+00
1.055733793479876059e+00
9.558751813840505873e-01
8.559903536299277027e-01
7.611641326932458984e-01
6.742941065022720615e-01
5.953916860826647950e-01
5.244530483915833541e-01
4.614692475352866752e-01
4.064318005443746107e-01
3.593351152519408398e-01
3.201768873767463219e-01
2.888379925205196708e-01
2.625756040060138741e-01
2.367890471909662176e-01
2.110001644535054732e-01
1.852092239691850994e-01
1.594164939349567434e-01
1.336222425663814162e-01
1.078267380948402243e-01
8.203024876474523941e-02
5.623304283074988946e-02
3.557308154579720549e-02
1.575913810013259211e-02
3.923655900905057003e-03
6.666666666663850771e-05
1.570796326794896336e+00
1.570916870067200932e+00
1.571693315305988659e+00
1.573749566415161727e+00
1.577670434321778448e+00
1.583116079483068761e+00
1.588946186173149977e+00
1.595050893487632848e+00
1.599558141799505062e+00
1.601832934869994896e+00
1.601240276460330625e+00
1.597145170331740971e+00
1.588912620245453988e+00
1.576337777887827363e+00
1.559810223704013898e+00
1.539329775144343104e+00
1.514896432208814980e+00
1.486510194897429527e+00
1.454171063210186965e+00
1.417879037147087073e+00
1.377634116708130074e+00
1.333436301893315523e+00
1.285344988313068537e+00
1.235678321646400679e+00
1.186011654979732821e+00
1.136344988313064963e+00
1.086678321646397105e+00
1.037011654979729247e+00
9.873449883130613891e-01
9.376783216463935311e-01
8.880116549797256731e-01
8.383449883130578151e-01
7.886783216463899571e-01
7.390116549797220991e-01
6.893449883130542410e-01
6.396783216463863830e-01
5.900116549797185250e-01
5.403449883130506670e-01
4.906783216463828090e-01
4.410116549797149510e-01
3.913449883130488693e-01
3.416783216463832318e-01
2.920116549797175942e-01
2.423449883130519567e-01
1.926783216463863191e-01
1.430116549797206815e-01
9.334498831305504396e-02
4.367832164638940640e-02
-5.988345020276231168e-03
-4.855346566426388399e-02
-9.855346566426281818e-02
-1.485534656642617524e-01
-1.985534656642606866e-01
-2.485534656642596207e-01
-2.985534656642585549e-01
-3.485534656642574891e-01
-3.985534656642564233e-01
-4.485534656642553575e-01
-4.985534656642542917e-01
-5.485534656642532259e-01
-5.985534656642527152e-01
-6.485534656642527596e-01
-6.985534656642528040e-01
-7.485534656642528484e-01
-7.985534656642528928e-01
-8.485534656642529372e-01
-8.985534656642529816e-01
-9.485534656642530260e-01
-9.985534656642530704e-01
-1.048553465664253004e+00
-1.098553465664253270e+00
-1.148553465664253093e+00
-1.198553465664253359e+00
-1.248553465664253181e+00
-1.298553465664253448e+00
-1.347433917277155890e+00
-1.392436390395435541e+00
-1.433441014051349383e+00
-1.470447788244897858e+00
-1.503456712976080523e+00
-1.532467788244897822e+00
-1.557462442696510685e+00
-1.577417184422085006e+00
-1.592228189588909437e+00
-1.602530998890783875e+00
-1.608961153021507551e+00
-1.612154192674880360e+00
-1.612745658544702421e+00
-1.611371091324773186e+00
-1.608666031708892552e+00
-1.605268074987874050e+00
4.681201802084183683e+00
4.684426533266977444e+00
4.687651264449771205e+00
4.690875995632564965e+00
4.694100726815358726e+00
4.697325457998152487e+00
4.700550189180946248e+00
4.703774920363740009e+00
4.706999651546533769e+00
-1.573612818921539258e+00
-1.571623768300272950e+00
-1.570897180522495162e+00
-1.570796549017118737e+00
1.000000000000000056e-01
1.000000000000000056e-01
1.000000000000000056e-01
1.196881720430107432e-01
1.595806451612903354e-01
1.994731182795698721e-01
2.513333333333333530e-01
2.912258064516128897e-01
3.311182795698924264e-01
3.710107526881720186e-01
4.109032258064515553e-01
4.507956989247310919e-01
4.906881720430107396e-01
4.966666666666665897e-01
4.966666666666665897e-01
4.966666666666665897e-01
4.966666666666665897e-01
4.966666666666665897e-01
4.966666666666665897e-01
4.966666666666665897e-01
4.966666666666665897e-01
4.966666666666665897e-01
4.966666666666665897e-01
4.966666666666665897e-01
4.966666666666665897e-01
4.966666666666665897e-01
4.966666666666665897e-01
4.966666666666665897e-01
4.966666666666665897e-01
4.966666666666665897e-01
4.966666666666665897e-01
4.966666666666665897e-01
4.966666666666665897e-01
4.966666666666665897e-01
4.966666666666665897e-01
4.966666666666665897e-01
4.966666666666665897e-01
4.966666666666665897e-01
4.966666666666665897e-01
4.966666666666665897e-01
4.966666666666665897e-01
4.966666666666665897e-01
4.966666666666665897e-01
4.966666666666665897e-01
4.966666666666665897e-01
4.966666666666665897e-01
4.966666666666665897e-01
4.966666666666665897e-01
4.966666666666665897e-01
5.000000000000000000e-01
5.000000000000000000e-01
5.000000000000000000e-01
5.000000000000000000e-01
5.000000000000000000e-01
5.000000000000000000e-01
5.000000000000000000e-01
5.000000000000000000e-01
5.000000000000000000e-01
5.000000000000000000e-01
5.000000000000000000e-01
5.000000000000000000e-01
5.000000000000000000e-01
5.000000000000000000e-01
5.000000000000000000e-01
5.000000000000000000e-01
5.000000000000000000e-01
5.000000000000000000e-01
5.000000000000000000e-01
5.000000000000000000e-01
5.000000000000000000e-01
5.000000000000000000e-01
5.000000000000000000e-01
5.000000000000000000e-01
5.000000000000000000e-01
5.000000000000000000e-01
5.000000000000000000e-01
5.000000000000000000e-01
5.000000000000000000e-01
5.000000000000000000e-01
5.000000000000000000e-01
5.000000000000000000e-01
4.959999999999999964e-01
4.562573396158028372e-01
4.165146792316056779e-01
3.767720188474085186e-01
3.370293584632113593e-01
2.972866980790142000e-01
2.575440376948169852e-01
2.178013773106198259e-01
1.780587169264226666e-01
1.442903225806452250e-01
1.289892473118279814e-01
1.289892473118279814e-01
1.289892473118279814e-01
1.289892473118279814e-01
1.289892473118279814e-01
1.289892473118279814e-01
1.289892473118279814e-01
1.289892473118279814e-01
1.289892473118279814e-01
1.210107526881720741e-01
1.000000000000000056e-01
1.000000000000000056e-01
1.000000000000000056e-01
0.000000000000000000e+00
3.918918918918914973e-02
7.828828828828821029e-02
1.173873873873872570e-01
1.499999999999998279e-01
1.499999999999998279e-01
1.340617283950615579e-01
9.426748971193399385e-02
5.447325102880642977e-02
1.467901234567886570e-02
-2.511522633744867061e-02
-6.490946502057623468e-02
-1.047037037037037710e-01
-1.444979423868313628e-01
-1.842921810699589547e-01
-2.240864197530864910e-01
-2.638806584362139995e-01
-3.036748971193415914e-01
-3.434691358024691832e-01
-3.832633744855966640e-01
-4.230576131687242558e-01
-4.628518518518519587e-01
-4.966666666666667007e-01
-5.000000000000000000e-01
-5.000000000000000000e-01
-5.000000000000000000e-01
-5.000000000000000000e-01
-5.000000000000000000e-01
-5.000000000000000000e-01
-5.000000000000000000e-01
-5.000000000000000000e-01
-5.000000000000000000e-01
-5.000000000000000000e-01
-5.000000000000000000e-01
-5.000000000000000000e-01
-5.000000000000000000e-01
-5.000000000000000000e-01
-5.000000000000000000e-01
-5.000000000000000000e-01
-5.000000000000000000e-01
-5.000000000000000000e-01
-5.000000000000000000e-01
-5.000000000000000000e-01
-5.000000000000000000e-01
-5.000000000000000000e-01
-5.000000000000000000e-01
-5.000000000000000000e-01
-5.000000000000000000e-01
-5.000000000000000000e-01
-5.000000000000000000e-01
-5.000000000000000000e-01
-5.000000000000000000e-01
-5.000000000000000000e-01
-5.000000000000000000e-01
-5.000000000000000000e-01
-5.000000000000000000e-01
-5.000000000000000000e-01
-5.000000000000000000e-01
-5.000000000000000000e-01
-5.000000000000000000e-01
-5.000000000000000000e-01
-5.000000000000000000e-01
-5.000000000000000000e-01
-5.000000000000000000e-01
-5.000000000000000000e-01
-5.000000000000000000e-01
-5.000000000000000000e-01
-5.000000000000000000e-01
-5.000000000000000000e-01
-5.000000000000000000e-01
-5.000000000000000000e-01
-5.000000000000000000e-01
-5.000000000000000000e-01
-5.000000000000000000e-01
-5.000000000000000000e-01
-4.720129032258064683e-01
-4.320344086021505325e-01
-3.920559139784946523e-01
-3.520774193548387165e-01
-3.120989247311828363e-01
-2.721204301075269560e-01
-2.321419354838710203e-01
-1.921634408602150845e-01
-1.521849462365592043e-01
-1.122064516129033240e-01
-7.222795698924744379e-02
-3.224946236559150803e-02
7.729032258064427729e-03
4.770752688172030798e-02
8.768602150537618822e-02
1.216666666666664787e-01
1.249999999999998335e-01
1.249999999999998335e-01
1.249999999999998335e-01
1.249999999999998335e-01
1.249999999999998335e-01
1.249999999999998335e-01
1.249999999999998335e-01
1.249999999999998335e-01
1.249999999999998335e-01
1.209999999999998299e-01
8.111111111111099503e-02
4.122222222222216015e-02
1.333333333333353021e-03
