0.000000000000000000e+00
-2.163426437135280039e-07
-6.133330464806070195e-06
-4.470259796976537825e-05
-1.845270943371347602e-04
-5.561717414128276686e-04
-1.372454085470363157e-03
-2.948665963707600320e-03
-5.722605678725772166e-03
-1.027416704450401230e-02
-1.734400838226280578e-02
-2.785047781134560030e-02
-4.290346344933555767e-02
-6.347704427684308648e-02
-8.894917637198962446e-02
-1.191560033867602453e-01
-1.540230271076383772e-01
-1.934642560143433609e-01
-2.373824173582010921e-01
-2.856691970630769184e-01
-3.382055068572127343e-01
-3.874124824865051719e-01
-4.432044699256365017e-01
-4.968104297214375187e-01
-5.472679098840913525e-01
-5.938198383667102620e-01
-6.358807442356391171e-01
-6.730074310053262288e-01
-7.048737850303368191e-01
-7.312491138754781961e-01
-7.519792908171314405e-01
-7.669699691748419479e-01
-7.761711927982143377e-01
-7.795628401974226129e-01
-7.784104695442042310e-01
-7.717301485036915931e-01
-7.592310944867339817e-01
-7.408794553697138907e-01
-7.166048916000056224e-01
-6.862876185349038316e-01
-6.497466167092659228e-01
-6.067297509075649797e-01
-5.569067717286558805e-01
-4.998664523997403686e-01
-4.351194514139811176e-01
-3.621089037650099263e-01
-2.803340151262609381e-01
-1.939557737113578595e-01
-1.052499223754636004e-01
-1.443523376391009361e-02
7.826431851431514541e-02
1.726201122661187304e-01
2.683994405585273246e-01
3.653660856369875254e-01
4.632809015023010568e-01
5.619024037094046964e-01
6.609873649333901646e-01
7.602914148339385836e-01
8.409698576153750160e-01
9.407104229605077750e-01
1.039973865055363156e+00
1.138512076990105371e+00
1.236078764552606124e+00
1.332430061835707891e+00
1.427325140774988732e+00
1.520526813093502128e+00
1.611802123148944332e+00
1.700922930201439254e+00
1.787666478646574797e+00
1.868868723459997661e+00
1.941246221502186398e+00
2.005401912287859911e+00
2.061889743831841759e+00
2.111194914655868615e+00
2.153723904363620711e+00
2.189802083416530820e+00
2.219676927116068121e+00
2.243525267966042236e+00
2.261463354650082191e+00
2.273558761396482275e+00
2.279843421727668407e+00
2.280703846353582698e+00
2.276352876688148896e+00
2.266208226143488602e+00
2.250293052290618601e+00
2.228662154091628711e+00
2.201416582681786860e+00
2.168719143731664190e+00
2.130811366671525597e+00
2.088032621953330725e+00
2.040842122261735003e+00
1.989844519691720937e+00
1.935819674450032224e+00
1.879756867079061866e+00
1.824007422524207334e+00
1.772242609779635547e+00
1.724818066852445320e+00
1.681852330401730322e+00
1.643452792392493977e+00
1.609715431671666863e+00
1.580724574070973221e+00
1.556552681636267810e+00
1.540022764113538667e+00
1.525813963673235518e+00
1.515952721152871607e+00
1.509361886999680324e+00
1.505153828908959213e+00
1.502615950201408035e+00
1.501193397188324008e+00
1.500470190484801458e+00
1.500149536277146423e+00
1.500033749538755679e+00
1.500004015137657687e+00
1.500000091771009014e+00
1.500000000000000000e+00
0.000000000000000000e+00
4.390322567766323861e-03
1.675913766147369213e-02
3.710640728133630939e-02
6.543184399510122706e-02
1.017341651404305991e-01
1.460092381013376184e-01
1.982463137805837994e-01
2.584213220347573170e-01
3.264859850836443478e-01
4.023513015667211090e-01
4.858637808512034639e-01
5.767726872967874341e-01
6.733307640679664363e-01
7.693320840252684256e-01
8.639504255279422118e-01
9.569524341291792968e-01
1.048108741696707424e+00
1.137194532096701849e+00
1.223990095651238619e+00
1.308281371001843274e+00
1.379619912714882934e+00
1.453442897588213878e+00
1.518824139725113653e+00
1.576404685203875555e+00
1.626754253906530057e+00
1.670358028994916255e+00
1.707612070966680884e+00
1.738825153306030380e+00
1.764225264586925412e+00
1.783969405504141736e+00
1.798155617601707057e+00
1.806836431609569305e+00
1.810033132248410226e+00
1.808947164097163940e+00
1.802654443544650320e+00
1.790902893224719516e+00
1.773728636436822770e+00
1.751207390724411006e+00
1.723470152903550545e+00
1.690719924688814935e+00
1.653250059250201964e+00
1.611464883864358821e+00
1.565903264701954622e+00
1.517265695179338181e+00
1.466445273275945427e+00
1.414623936897042578e+00
1.365594533911832942e+00
1.320913946563505137e+00
1.280692369277138587e+00
1.245028999351779131e+00
1.214011792313047566e+00
1.187717244990999177e+00
1.166210206858230514e+00
1.149543720093523014e+00
1.137758888765468601e+00
1.130884777458709411e+00
1.128938339592802320e+00
1.130989025760313016e+00
1.138041434207284430e+00
1.150069979578645984e+00
1.167044596775314913e+00
1.188922858094509261e+00
1.215650079276909379e+00
1.247159456188826621e+00
1.283372231797747842e+00
1.324197893023899564e+00
1.369534396975809587e+00
1.419268426004393513e+00
1.471219934551486919e+00
1.522015420743342062e+00
1.570551589216071964e+00
1.615949935940207860e+00
1.657522286736845096e+00
1.694740069783365666e+00
1.727207474160997291e+00
1.754638105229538780e+00
1.776834543753494478e+00
1.793670139527790308e+00
1.805072386610402146e+00
1.811007305640902398e+00
1.811820146819540955e+00
1.807709001526865755e+00
1.798112453129730781e+00
1.783006076812711171e+00
1.762332451286887203e+00
1.735987024042877191e+00
1.703804855365042226e+00
1.665548866402998041e+00
1.620900428964137552e+00
1.569453390889457012e+00
1.510712945718365896e+00
1.444101144324599240e+00
1.368971307968017248e+00
1.286431036415448315e+00
1.200883850595054536e+00
1.112856414142453509e+00
1.022568749804974475e+00
9.302465297225541718e-01
8.361205113649162746e-01
7.404259607580718772e-01
6.434020644417796087e-01
5.611809803120275664e-01
4.714833387966967937e-01
3.892324256399151139e-01
3.146600442800269182e-01
2.479069097942770417e-01
1.890537900756270040e-01
1.381439453768662506e-01
9.519859578976408443e-02
6.022701414096642836e-02
3.323265925427154599e-02
1.421655791178000339e-02
3.178924716646935877e-03
0.000000000000000000e+00
1.570796326794896336e+00
1.570918959711997243e+00
1.571710156162454020e+00
1.573806479910864420e+00
1.577844494721825530e+00
1.584460764359933549e+00
1.594291852589787561e+00
1.607974323175982656e+00
1.626144739883116364e+00
1.649439666475786215e+00
1.678495666718589963e+00
1.713949304376122695e+00
1.756437143212981944e+00
1.805318036472318699e+00
1.854984703138985447e+00
1.904651369805652195e+00
1.954318036472318942e+00
2.003984703138985690e+00
2.053651369805652216e+00
2.103318036472319186e+00
2.152984703138985711e+00
2.196086083938838307e+00
2.239244162267363336e+00
2.275305647303934364e+00
2.304907953740977344e+00
2.328688496270918673e+00
2.347284689586185191e+00
2.361333948379202852e+00
2.371473687342399383e+00
2.378341321168199851e+00
2.382574264549031540e+00
2.384809932177320846e+00
2.385685738745493722e+00
2.385839098945977454e+00
2.385868329467425220e+00
2.386315712852787652e+00
2.387813598030264828e+00
2.390998548764453613e+00
2.396507128819951316e+00
2.404975901961354801e+00
2.417041431953261377e+00
2.433340282560267909e+00
2.454509017546971705e+00
2.481184200677969187e+00
2.514002395717858107e+00
2.553600166431235774e+00
2.600494372781102292e+00
-3.633024267731816082e+00
-3.583357601065148224e+00
-3.533690934398482142e+00
-3.484024267731816504e+00
-3.434357601065150867e+00
-3.384690934398485229e+00
-3.335024267731819592e+00
-3.285357601065153954e+00
-3.235690934398488317e+00
-3.186024267731822679e+00
-3.136357601065157041e+00
-3.096002612443089941e+00
-3.046002612443091007e+00
-2.996002612443092072e+00
-2.946002612443093138e+00
-2.896002612443094204e+00
-2.846002612443095270e+00
-2.796002612443096336e+00
-2.746002612443097401e+00
-2.696002612443098467e+00
-2.646002612443099533e+00
-2.596002612443100599e+00
-2.549504082939111793e+00
-2.510379355953332947e+00
-2.477991652669716327e+00
-2.451704409323665068e+00
-2.430881062150581418e+00
-2.414885047385868511e+00
-2.403079801264929927e+00
-2.394828760023167913e+00
-2.389495359895985160e+00
-2.386443037118785693e+00
-2.385035227926971757e+00
-2.384635368555946044e+00
-2.384612639537562195e+00
-2.384407219014958557e+00
-2.383405922206078831e+00
-2.380972185346326153e+00
-2.376469444671103659e+00
-2.369261136415814040e+00
-2.358710696815860430e+00
-2.344181562106645522e+00
-2.325037168523572007e+00
-2.300640952302043463e+00
-2.270356349677462582e+00
-2.233546796885232055e+00
-2.189575730160754574e+00
4.143226114091325130e+00
4.193226114091324064e+00
4.243226114091322998e+00
4.293226114091321932e+00
4.343226114091320866e+00
4.393226114091319801e+00
4.443226114091318735e+00
4.493226114091317669e+00
-1.748832477635456240e+00
-1.707562513604932386e+00
-1.673220542405949862e+00
-1.645170000273911581e+00
-1.622774323444220235e+00
-1.605396948152279180e+00
-1.592401310633490663e+00
-1.583150847123258265e+00
-1.577008993856984675e+00
-1.573339187070073031e+00
-1.571504862997926022e+00
-1.570869457875946340e+00
-1.570796326794896558e+00
1.000000000000000056e-01
1.000000000000000056e-01
1.000000000000000056e-01
1.196881720430107432e-01
1.595806451612903354e-01
1.994731182795698721e-01
2.393655913978494643e-01
2.792580645161290009e-01
3.191505376344085931e-01
3.590430107526881298e-01
3.989354838709677220e-01
4.388279569892472587e-01
4.787204301075267954e-01
4.966666666666665897e-01
4.966666666666665897e-01
4.966666666666665897e-01
4.966666666666665897e-01
4.966666666666665897e-01
4.966666666666665897e-01
4.966666666666665897e-01
4.966666666666665897e-01
4.846775067750676569e-01
4.447317073170731216e-01
4.047859078590785309e-01
3.648401084010839401e-01
3.248943089430893494e-01
2.849485094850947586e-01
2.450027100271002234e-01
2.050569105691056326e-01
1.651111111111110974e-01
1.251653116531165066e-01
1.000000000000000056e-01
1.000000000000000056e-01
1.000000000000000056e-01
-1.000000000000000056e-01
-1.000000000000000056e-01
-1.037311827956989146e-01
-1.436236559139784930e-01
-1.835161290322580574e-01
-2.234086021505376218e-01
-2.633010752688171863e-01
-3.031935483870967785e-01
-3.430860215053763151e-01
-3.829784946236558518e-01
-4.228709677419354995e-01
-4.627634408602150362e-01
-4.966666666666665897e-01
-4.966666666666665897e-01
-4.966666666666665897e-01
-4.966666666666665897e-01
-4.966666666666665897e-01
-4.966666666666665897e-01
-4.966666666666665897e-01
-4.966666666666665897e-01
-4.966666666666665897e-01
-4.966666666666665897e-01
-4.966666666666665897e-01
-4.966666666666665897e-01
-5.000000000000000000e-01
-5.000000000000000000e-01
-5.000000000000000000e-01
-5.000000000000000000e-01
-5.000000000000000000e-01
-5.000000000000000000e-01
-5.000000000000000000e-01
-5.000000000000000000e-01
-5.000000000000000000e-01
-5.000000000000000000e-01
-5.000000000000000000e-01
-4.640860215053763671e-01
-4.241935483870967749e-01
-3.843010752688172382e-01
-3.444086021505376460e-01
-3.045161290322581094e-01
-2.646236559139785172e-01
-2.247311827956989250e-01
-1.848387096774193328e-01
-1.449462365591398516e-01
-1.050537634408602594e-01
-1.000000000000000056e-01
-1.000000000000000056e-01
1.000000000000000056e-01
1.000000000000000056e-01
1.000000000000000056e-01
1.276666666666666783e-01
1.675591397849462150e-01
2.074516129032257794e-01
2.473440860215053716e-01
2.872365591397849083e-01
3.271290322580645005e-01
3.670215053763440927e-01
4.069139784946236293e-01
4.468064516129032215e-01
4.866989247311827582e-01
5.000000000000000000e-01
5.000000000000000000e-01
5.000000000000000000e-01
5.000000000000000000e-01
5.000000000000000000e-01
5.000000000000000000e-01
5.000000000000000000e-01
5.000000000000000000e-01
4.760537634408602004e-01
4.361612903225806637e-01
3.962688172043010715e-01
3.563763440860214793e-01
3.164838709677419426e-01
2.765913978494624059e-01
2.366989247311828137e-01
1.968064516129032215e-01
1.569139784946236849e-01
1.170215053763441482e-01
1.000000000000000056e-01
1.000000000000000056e-01
1.000000000000000056e-01
0.000000000000000000e+00
3.990322580645161432e-02
7.979569892473117876e-02
1.196881720430107432e-01
1.595806451612903354e-01
1.994731182795698721e-01
2.393655913978494643e-01
2.792580645161290009e-01
3.191505376344085931e-01
3.590430107526881298e-01
3.989354838709677220e-01
4.388279569892472587e-01
4.787204301075267954e-01
5.000000000000000000e-01
5.000000000000000000e-01
5.000000000000000000e-01
5.000000000000000000e-01
5.000000000000000000e-01
5.000000000000000000e-01
5.000000000000000000e-01
5.000000000000000000e-01
4.880215053763440891e-01
4.481290322580644969e-01
4.082365591397849602e-01
3.683440860215053680e-01
3.284516129032257759e-01
2.885591397849462392e-01
2.486666666666666470e-01
2.087741935483871103e-01
1.688817204301075736e-01
1.289892473118279814e-01
8.909677419354844474e-02
4.920430107526890806e-02
9.311827956989260358e-03
-2.394623655913978577e-02
-6.383870967741935021e-02
-1.037311827956989146e-01
-1.436236559139784930e-01
-1.835161290322580574e-01
-2.234086021505376218e-01
-2.633010752688171863e-01
-3.031935483870967785e-01
-3.430860215053763151e-01
-3.829784946236558518e-01
-4.228709677419354995e-01
-4.627634408602150362e-01
-4.966666666666665897e-01
-5.000000000000000000e-01
-5.000000000000000000e-01
-5.000000000000000000e-01
-5.000000000000000000e-01
-5.000000000000000000e-01
-5.000000000000000000e-01
-5.000000000000000000e-01
-5.000000000000000000e-01
-5.000000000000000000e-01
-5.000000000000000000e-01
-5.000000000000000000e-01
-5.000000000000000000e-01
-5.000000000000000000e-01
-5.000000000000000000e-01
-5.000000000000000000e-01
-5.000000000000000000e-01
-5.000000000000000000e-01
-5.000000000000000000e-01
-5.000000000000000000e-01
-5.000000000000000000e-01
-5.000000000000000000e-01
-5.000000000000000000e-01
-4.640860215053763671e-01
-4.241935483870967749e-01
-3.843010752688172382e-01
-3.444086021505376460e-01
-3.045161290322581094e-01
-2.646236559139785172e-01
-2.247311827956989250e-01
-1.848387096774193328e-01
-1.449462365591398516e-01
-1.050537634408602594e-01
-6.516129032258066722e-02
-2.526881720430107503e-02
7.989247311827957221e-03
4.788172043010752166e-02
8.777419354838709997e-02
1.276666666666666783e-01
1.675591397849462150e-01
2.074516129032257794e-01
2.473440860215053716e-01
2.872365591397849083e-01
3.271290322580645005e-01
3.670215053763440927e-01
4.069139784946236293e-01
4.468064516129032215e-01
4.866989247311827582e-01
5.000000000000000000e-01
5.000000000000000000e-01
5.000000000000000000e-01
5.000000000000000000e-01
5.000000000000000000e-01
5.000000000000000000e-01
5.000000000000000000e-01
5.000000000000000000e-01
4.760537634408602004e-01
4.361612903225806637e-01
3.962688172043010715e-01
3.563763440860214793e-01
3.164838709677419426e-01
2.765913978494624059e-01
2.366989247311828137e-01
1.968064516129032215e-01
1.569139784946236849e-01
1.170215053763441482e-01
7.712903225806450047e-02
3.723655913978496379e-02
3.333333333333353063e-03
