0.000000000000000000e+00
7.576435699947699751e-08
9.169191105734331875e-07
4.330475707001985817e-06
2.007533787083578799e-05
7.079823363917144095e-05
1.761506822690999665e-04
3.505295675642088786e-04
5.446366472202318707e-04
6.783355593065934063e-04
7.025247873195787250e-04
6.162436951756724950e-04
5.108749691551154552e-04
4.782049359780049850e-04
5.220835865086505745e-04
5.329166244817082386e-04
3.906990893251682958e-04
6.705125894876212396e-05
-3.277549885080558259e-04
-6.543031070278080164e-04
-8.237613030599210198e-04
-8.060717779868605904e-04
-6.902407450931006671e-04
-5.385131151913384682e-04
-3.972395413662203759e-04
-2.270680132894082313e-04
-1.200602009289776720e-06
2.229599961843532741e-04
3.223574510790837571e-04
2.359136054193077068e-04
7.763735002850333591e-05
-4.290936773809417905e-05
-1.204232055079087137e-04
-1.666106059174424464e-04
-1.668038158724553517e-04
-1.224628803690760276e-04
-6.167342277126985992e-05
-1.971234543745517740e-05
-3.123876850461138236e-06
-1.342135132266000741e-07
-1.076273383911008315e-11
0.000000000000000000e+00
5.738253918175810139e-03
2.316863281108634542e-02
5.300004432975310986e-02
9.500235548714823508e-02
1.491756814978709156e-01
2.126479211905410449e-01
2.906790978202327125e-01
3.808813351866682795e-01
4.832542267487617282e-01
5.977974790233588909e-01
7.245110218811993130e-01
8.627403511272433434e-01
9.967199480699682201e-01
1.137713287295040843e+00
1.278706743819909342e+00
1.419700490170327623e+00
1.560694307702668482e+00
1.701687926749311242e+00
1.842681767623502331e+00
1.977141228140713025e+00
2.118135648094690460e+00
2.259129487882335141e+00
2.400123200574591387e+00
2.541117231226174944e+00
2.682111116834398068e+00
2.818810648533774277e+00
2.959803811383421746e+00
3.100797567630215301e+00
3.238861199169466687e+00
3.366433092380366698e+00
3.484533230873501530e+00
3.590462547828814355e+00
3.684221094621943138e+00
3.765808847822031957e+00
3.832692447891662635e+00
3.890422959987388296e+00
3.935982549070598413e+00
3.969371260167007698e+00
3.990589104568078582e+00
3.999636078678793449e+00
1.570796326794896336e+00
1.570769147588598091e+00
1.570731920101893442e+00
1.570607443337020737e+00
1.570199636693966116e+00
1.569513233443669442e+00
1.568800409694957487e+00
1.568445877177033765e+00
1.568978898273289513e+00
1.570017894685068693e+00
1.571105050438409867e+00
1.571672925984656022e+00
1.571383999008339583e+00
1.570720639915484940e+00
1.570405884219153947e+00
1.571173021087374000e+00
1.572523658688332215e+00
1.573499872611923145e+00
1.573498736808330190e+00
1.572699382360785103e+00
1.571304363291933015e+00
1.570211192331795402e+00
1.569795428385206915e+00
1.569739385448560398e+00
1.569780339759649035e+00
1.569333660723345680e+00
1.569051339777417065e+00
1.569506419600321889e+00
1.570777957756432031e+00
1.571925079558823546e+00
1.571997963069950988e+00
1.571626485719629374e+00
1.571438845095133763e+00
1.571118232887487309e+00
1.570439516301296523e+00
1.569853758629421225e+00
1.569731015115705564e+00
1.570084224967007724e+00
1.570526465964728891e+00
1.570759418775056648e+00
1.570796230474069244e+00
0.000000000000000000e+00
5.866421550356406417e-02
1.178932434885574532e-01
1.783187476624881473e-01
2.387442159633464400e-01
2.991696383123093050e-01
3.571890717122117032e-01
4.176143515422577890e-01
4.780395069293797983e-01
5.384644581023494414e-01
5.988890103287776157e-01
6.593123993680731765e-01
6.999980923808701849e-01
6.999982554765766807e-01
6.999982608409865970e-01
6.999982608412556040e-01
6.999982608392655292e-01
6.999982608388919392e-01
6.999982608474784040e-01
6.999982608403226836e-01
6.999974650862521575e-01
6.999974650721441094e-01
6.999974650946071408e-01
6.999974650555960132e-01
6.999974650742353255e-01
6.999974650736973114e-01
6.999954341427024884e-01
6.999953159884880760e-01
6.999966663054766336e-01
6.757756022826842957e-01
6.165496971768427148e-01
5.561253747801435665e-01
4.957005222006122258e-01
4.352754216622686245e-01
3.748501767725385125e-01
3.168307670091120576e-01
2.564053625661261160e-01
1.959799079508886821e-01
1.355544145771850895e-01
7.512889035868260124e-02
1.470334100824419524e-02
0.000000000000000000e+00
-4.047486417347813739e-03
-1.982117511294366474e-03
-6.746188667412871681e-03
-1.185997788693105709e-02
-1.271983388302450751e-02
-8.927087188332630957e-03
5.342409300089405802e-04
9.413316914775083505e-03
1.044159027096179353e-02
8.020208563727607154e-03
1.222070322789330435e-05
-4.308901291564301746e-03
-4.410659521107037663e-03
1.878000978449372201e-03
7.809579247472381650e-03
1.089691471925445694e-02
3.722049385351939004e-03
-5.025591717107842984e-03
-7.022300159058705860e-03
-1.133626027678820425e-02
-4.465083174636286234e-03
-2.026060798005335090e-03
1.372921023983110457e-03
-1.399485805785626816e-03
-3.882500244726368177e-03
2.569692851702579171e-04
6.385984648260933580e-03
1.048925112970087309e-02
4.522300344975561937e-03
-2.428805319845102687e-03
-2.800010593415659405e-03
-2.676271228475617363e-03
-5.878675702754204528e-03
-9.293570799135097635e-03
-6.723016410417784888e-03
3.324543542481576703e-03
1.171648928841025061e-02
1.359057739492951916e-02
6.461211187714527640e-03
5.925198367220884353e-04
