0.000000000000000000e+00
-2.154954409763476339e-07
-6.106781197792366289e-06
-4.450270737724758600e-05
-1.836886106907630891e-04
-5.536202325950414279e-04
-1.366117909964567698e-03
-2.934992745281892607e-03
-5.695985942364084099e-03
-1.022627123987044154e-02
-1.726305023476531336e-02
-2.772042853545032479e-02
-4.090191575670920621e-02
-5.948289945653974231e-02
-7.953474872128608875e-02
-9.998293531602187034e-02
-1.199595025603918258e-01
-1.387789590143565788e-01
-1.559146227687385478e-01
-1.709759134856306817e-01
-1.836867138137557309e-01
-1.938647003851111938e-01
-2.014014353910105748e-01
-2.062429794466548727e-01
-2.083708948516539428e-01
-2.080935662672124820e-01
-2.052319785168673083e-01
-1.996327961164336418e-01
-1.912535355903656475e-01
-1.800031958008912192e-01
-1.657235878930561901e-01
-1.481712075727964484e-01
-1.270000357543148162e-01
-1.017458221578035199e-01
-7.181264264361419958e-02
-3.646285008113532566e-02
5.188009704539107980e-03
5.416916905485461009e-02
1.088372921205051913e-01
1.675547582047485218e-01
2.301768951154772314e-01
2.965492597089558480e-01
3.665081597646577816e-01
4.398810576946003970e-01
5.164869960677480609e-01
5.961370439000297505e-01
6.786347626092954499e-01
7.637766904860434636e-01
8.513528444850806398e-01
9.411472381005603349e-01
1.032938414047182452e+00
1.126499990433820209e+00
1.221601219082546930e+00
1.318007554616116739e+00
1.415481232910365428e+00
1.513781857484912008e+00
1.612666992385964004e+00
1.711892760099014588e+00
1.793822899867724585e+00
1.893704302563311570e+00
1.993228477796707532e+00
2.092146666961017587e+00
2.190211626098928388e+00
2.287178243883838391e+00
2.382804154270523611e+00
2.476850342284028450e+00
2.569081741432627464e+00
2.659267821251633634e+00
2.747183163509500758e+00
2.832608025636010218e+00
2.915328889964255765e+00
2.995138997413608450e+00
3.071838864279744286e+00
3.145236780840017232e+00
3.215149290527921977e+00
3.281401648478970756e+00
3.343828258301846823e+00
3.402273085983142487e+00
3.456342027189915012e+00
3.503277604282991398e+00
3.543226375348626167e+00
3.577159111016620319e+00
3.605901626507596269e+00
3.630135303095868071e+00
3.650403930633483451e+00
3.667124940085383589e+00
3.680603623043829042e+00
3.691049339888356151e+00
3.698593011112068396e+00
3.703305396443407282e+00
3.705215817852848037e+00
3.704698449554709949e+00
3.701484993023667958e+00
3.695490500354555952e+00
3.686756581050475212e+00
3.675373077991296977e+00
3.661497403563223951e+00
3.645374347750020227e+00
3.627356603276155500e+00
3.607926240445073596e+00
3.587717280106374140e+00
3.567539324696228142e+00
3.548401876766141161e+00
3.532300884722987089e+00
3.522345810482883977e+00
3.513611368018782155e+00
3.507847674025559304e+00
3.504225178492806680e+00
3.502083638145989664e+00
3.500914308748793058e+00
3.500340849112558939e+00
3.500099572001263315e+00
3.500019396240230396e+00
3.500001679521178133e+00
3.500000011696573043e+00
0.000000000000000000e+00
4.390322567871062995e-03
1.675913767905796645e-02
3.710640767221295988e-02
6.543184774001122028e-02
1.017341870610501686e-01
1.460093314077826054e-01
1.982466319313437586e-01
2.584222435687260067e-01
3.264883407541510074e-01
4.023567564998125068e-01
4.858754390617686658e-01
5.671153195948537284e-01
6.590085612923295422e-01
7.424309743318386889e-01
8.175404652781048664e-01
8.845120009008768935e-01
9.435145922966396981e-01
9.946970866834117242e-01
1.038180775197606875e+00
1.074057110066524823e+00
1.102389101114271464e+00
1.123215219763010753e+00
1.136554879823655106e+00
1.142414759652688794e+00
1.141651077817613436e+00
1.133775260153669251e+00
1.118405310439048117e+00
1.095556776963261258e+00
1.065263385185712730e+00
1.027585108958930071e+00
9.826176217652264899e-01
9.305039610693188745e-01
8.714494131734245030e-01
8.057407657486364005e-01
7.337711587565520777e-01
6.560717675304337249e-01
5.733513864989909781e-01
4.904268523583992234e-01
4.103185374113036410e-01
3.332241088463856471e-01
2.593337023967816624e-01
1.888295518096452241e-01
1.218855394083890875e-01
5.866676725179953422e-02
-6.708500523402438631e-04
-5.598096987488432319e-02
-1.071271824858679445e-01
-1.539833474778329325e-01
-1.964339048622223416e-01
-2.343741600715998352e-01
-2.677105421647989481e-01
-2.963608345981936232e-01
-3.202543779939563962e-01
-3.393322444052129239e-01
-3.535473826483130910e-01
-3.628647343437891859e-01
-3.672613203798105186e-01
-3.671763292749792296e-01
-3.625263576802693066e-01
-3.528902078069082737e-01
-3.382919650111693155e-01
-3.187681172974243804e-01
-2.943674641171341033e-01
-2.651509943956349424e-01
-2.311917340915874419e-01
-1.925745636701103880e-01
-1.493960059458241396e-01
-1.017639848260813995e-01
-4.979755555740439377e-02
6.373392850629988615e-03
6.660846228026451321e-02
1.307570964277433578e-01
1.986589571156600620e-01
2.701443250549007136e-01
3.450345240544772096e-01
4.231423676189518535e-01
5.042726268171924264e-01
5.878122641566103646e-01
6.683412365248574405e-01
7.436322594957323062e-01
8.130375170303950627e-01
8.760727136078497734e-01
9.323804877626079568e-01
9.817013043883541235e-01
1.023850694220720614e+00
1.058701606840682263e+00
1.086170678402445411e+00
1.106207319740785788e+00
1.118784683004529379e+00
1.123891746521455737e+00
1.122508365005486342e+00
1.113912138164233179e+00
1.097837990838117062e+00
1.074270473740676746e+00
1.043176629974139402e+00
1.004500011932636605e+00
9.581560642696043129e-01
9.040297419704320658e-01
8.419764715674710187e-01
7.718278199377385240e-01
6.934035089143332220e-01
6.065317060091343082e-01
5.164114347500390334e-01
4.460218204739523906e-01
3.660503997628407058e-01
2.938100482821093817e-01
2.294195243272553753e-01
1.729456984054644764e-01
1.244235344753871209e-01
8.386965561226711330e-02
5.129102652228995085e-02
2.669009521668458396e-02
1.006752650600695187e-02
1.423440858555169442e-03
1.570796326794896336e+00
1.570918459033759484e+00
1.571706121098530584e+00
1.573792843455160906e+00
1.577812156569600610e+00
1.584397590907798303e+00
1.594182676935704368e+00
1.607800945119268299e+00
1.625885925924438924e+00
1.649071149817168846e+00
1.677990147263406007e+00
1.713276448729100121e+00
1.750103487613043241e+00
1.789898813267966515e+00
1.822912586733012930e+00
1.849776616961679165e+00
1.871122712907462127e+00
1.887582683523857829e+00
1.899788337764363400e+00
1.908371484582475297e+00
1.913963932931689760e+00
1.917197491765504136e+00
1.918703970037414441e+00
1.919115176700917136e+00
1.919124325788874375e+00
1.919141857041042343e+00
1.919519201254246132e+00
1.920883390883104891e+00
1.923870989692215705e+00
1.929118561446175661e+00
1.937262669909581847e+00
1.948939878847031126e+00
1.964786752023121030e+00
1.985439853202447757e+00
2.011535746149609061e+00
2.043710994629202471e+00
2.082602162405823965e+00
2.128845813244071294e+00
-4.104705938379958674e+00
-4.055039271713290816e+00
-4.005372605046622958e+00
-3.955705938379955100e+00
-3.906039271713287242e+00
-3.856372605046619384e+00
-3.806705938379951526e+00
-3.757039271713283668e+00
-3.707372605046615810e+00
-3.657705938379947952e+00
-3.608039271713280094e+00
-3.558372605046613124e+00
-3.508705938379947042e+00
-3.459039271713281849e+00
-3.409372605046615767e+00
-3.359705938379950574e+00
-3.310039271713284492e+00
-3.260372605046619299e+00
-3.210705938379953217e+00
-3.161039271713288024e+00
-3.120071314866910583e+00
-3.070071314866911649e+00
-3.020071314866912715e+00
-2.970071314866913781e+00
-2.920071314866914847e+00
-2.870071314866915912e+00
-2.820071314866916978e+00
-2.770071314866918044e+00
-2.720071314866919110e+00
-2.670071314866920176e+00
-2.620071314866921242e+00
-2.570071314866922307e+00
-2.520071314866922485e+00
-2.470071314866922219e+00
-2.420071314866921952e+00
-2.370071314866922130e+00
-2.320071314866922307e+00
-2.270071314866922041e+00
-2.220071314866921774e+00
-2.170071314866921952e+00
-2.120546203457511325e+00
-2.077073711643428577e+00
-2.040720181790266707e+00
-2.010849050133427518e+00
-1.986823752908314811e+00
-1.968007726350331277e+00
-1.953764406694879607e+00
-1.943457230177363160e+00
-1.936449633033184625e+00
-1.932105051497746917e+00
-1.929786921806453392e+00
-1.928858680194706299e+00
-1.928683762897908771e+00
-1.928672761468716912e+00
-1.928336651854745121e+00
-1.927049945241730455e+00
-1.924179126012673713e+00
-1.919090678550575246e+00
-1.911151087238435631e+00
-1.899726836459255441e+00
-1.884184410596035253e+00
-1.863890294031775419e+00
-1.838210971149476514e+00
-1.806512926332138225e+00
-1.768162643962761571e+00
4.556191139919333111e+00
-1.695965001552961482e+00
-1.663731118213227722e+00
-1.637568676117733490e+00
-1.616844144800529293e+00
-1.600923993795664968e+00
-1.589174692637190800e+00
-1.580962710859156850e+00
-1.575654517995613624e+00
-1.572616583580610961e+00
-1.571215377148199366e+00
-1.570817368232428679e+00
1.000000000000000056e-01
1.000000000000000056e-01
1.000000000000000056e-01
1.196881720430107432e-01
1.595806451612903354e-01
1.994731182795698721e-01
2.393655913978494643e-01
2.792580645161290009e-01
3.191505376344085931e-01
3.590430107526881298e-01
3.989354838709677220e-01
4.388279569892472587e-01
4.906774193548386620e-01
4.508933473205699594e-01
4.111092752863012012e-01
3.713252032520324986e-01
3.315411312177637404e-01
2.917570591834950378e-01
2.519729871492263351e-01
2.121889151149575770e-01
1.724048430806888188e-01
1.326207710464201162e-01
1.000000000000000056e-01
1.000000000000000056e-01
1.000000000000000056e-01
-1.000000000000000056e-01
-1.000000000000000056e-01
-1.000000000000000056e-01
-1.396344086021505393e-01
-1.795268817204300760e-01
-2.194193548387096682e-01
-2.593118279569892048e-01
-2.992043010752687970e-01
-3.390967741935483892e-01
-3.789892473118279259e-01
-4.188817204301075181e-01
-4.587741935483870548e-01
-4.986666666666666470e-01
-4.966666666666665897e-01
-4.966666666666665897e-01
-4.966666666666665897e-01
-4.966666666666665897e-01
-4.966666666666665897e-01
-4.966666666666665897e-01
-4.966666666666665897e-01
-4.966666666666665897e-01
-4.966666666666665897e-01
-4.966666666666665897e-01
-4.966666666666665897e-01
-4.966666666666665897e-01
-4.966666666666665897e-01
-4.966666666666665897e-01
-4.966666666666665897e-01
-4.966666666666665897e-01
-4.966666666666665897e-01
-4.966666666666665897e-01
-4.966666666666665897e-01
-4.966666666666665897e-01
-5.000000000000000000e-01
-5.000000000000000000e-01
-5.000000000000000000e-01
-5.000000000000000000e-01
-5.000000000000000000e-01
-5.000000000000000000e-01
-5.000000000000000000e-01
-5.000000000000000000e-01
-5.000000000000000000e-01
-5.000000000000000000e-01
-5.000000000000000000e-01
-5.000000000000000000e-01
-5.000000000000000000e-01
-5.000000000000000000e-01
-5.000000000000000000e-01
-5.000000000000000000e-01
-5.000000000000000000e-01
-5.000000000000000000e-01
-5.000000000000000000e-01
-5.000000000000000000e-01
-4.880215053763440891e-01
-4.481290322580644969e-01
-4.082365591397849602e-01
-3.683440860215053680e-01
-3.284516129032257759e-01
-2.885591397849462392e-01
-2.486666666666666470e-01
-2.087741935483871103e-01
-1.688817204301075736e-01
-1.289892473118279814e-01
-1.000000000000000056e-01
-1.000000000000000056e-01
-1.000000000000000056e-01
1.000000000000000056e-01
1.000000000000000056e-01
1.037288452547919376e-01
1.436203833567087362e-01
1.835119214586254932e-01
2.234034595605422779e-01
2.632949976624590627e-01
3.031865357643758752e-01
3.430780738662926321e-01
3.829696119682093891e-01
4.228611500701262016e-01
4.627526881720429586e-01
4.561075268817204043e-01
4.241935483870967749e-01
3.843010752688172382e-01
3.444086021505376460e-01
3.045161290322581094e-01
2.646236559139785172e-01
2.247311827956989250e-01
1.848387096774193328e-01
1.449462365591398516e-01
1.050537634408602594e-01
1.000000000000000056e-01
1.000000000000000056e-01
0.000000000000000000e+00
3.973214285714284782e-02
7.943452380952380210e-02
1.191369047619047356e-01
1.588392857142856829e-01
1.985416666666666163e-01
2.382440476190475498e-01
2.779464285714285388e-01
3.176488095238094722e-01
3.573511904761904057e-01
3.970535714285713391e-01
4.367559523809523281e-01
4.459999999999999520e-01
4.062976190476190186e-01
3.665952380952380851e-01
3.268928571428571517e-01
2.871904761904762182e-01
2.474880952380952293e-01
2.077857142857143236e-01
1.680833333333333623e-01
1.283809523809524289e-01
8.867857142857143993e-02
4.897619047619050647e-02
9.273809523809573019e-03
0.000000000000000000e+00
-1.995698924731182863e-02
-5.984946236559138960e-02
-9.974193548387096098e-02
-1.396344086021505393e-01
-1.795268817204300760e-01
-2.194193548387096682e-01
-2.593118279569892048e-01
-2.992043010752687970e-01
-3.390967741935483892e-01
-3.789892473118279259e-01
-4.188817204301075181e-01
-4.587741935483870548e-01
-4.986666666666666470e-01
-5.000000000000000000e-01
-5.000000000000000000e-01
-5.000000000000000000e-01
-5.000000000000000000e-01
-5.000000000000000000e-01
-5.000000000000000000e-01
-5.000000000000000000e-01
-5.000000000000000000e-01
-5.000000000000000000e-01
-5.000000000000000000e-01
-5.000000000000000000e-01
-5.000000000000000000e-01
-5.000000000000000000e-01
-5.000000000000000000e-01
-5.000000000000000000e-01
-5.000000000000000000e-01
-5.000000000000000000e-01
-5.000000000000000000e-01
-5.000000000000000000e-01
-5.000000000000000000e-01
-5.000000000000000000e-01
-5.000000000000000000e-01
-5.000000000000000000e-01
-5.000000000000000000e-01
-5.000000000000000000e-01
-5.000000000000000000e-01
-5.000000000000000000e-01
-5.000000000000000000e-01
-5.000000000000000000e-01
-5.000000000000000000e-01
-5.000000000000000000e-01
-5.000000000000000000e-01
-5.000000000000000000e-01
-5.000000000000000000e-01
-5.000000000000000000e-01
-5.000000000000000000e-01
-5.000000000000000000e-01
-5.000000000000000000e-01
-5.000000000000000000e-01
-5.000000000000000000e-01
-4.880215053763440891e-01
-4.481290322580644969e-01
-4.082365591397849602e-01
-3.683440860215053680e-01
-3.284516129032257759e-01
-2.885591397849462392e-01
-2.486666666666666470e-01
-2.087741935483871103e-01
-1.688817204301075736e-01
-1.289892473118279814e-01
-8.909677419354844474e-02
-4.920430107526890806e-02
-9.311827956989260358e-03
1.194047619047618886e-02
5.164285714285713619e-02
9.134523809523807658e-02
1.310476190476190239e-01
1.707499999999999574e-01
2.104523809523808908e-01
2.501547619047618798e-01
2.898571428571427577e-01
3.295595238095237467e-01
3.692619047619046802e-01
4.089642857142856136e-01
4.486666666666665471e-01
4.499999999999999556e-01
4.221785714285714031e-01
3.824761904761904141e-01
3.427738095238095362e-01
3.030714285714285472e-01
2.633690476190476137e-01
2.236666666666666803e-01
1.839642857142857468e-01
1.442619047619047579e-01
1.045595238095238244e-01
6.485714285714289096e-02
2.515476190476201301e-02
