0.000000000000000000e+00
-2.163426437135280039e-07
-6.133330464806070195e-06
-4.470259796976537825e-05
-1.845270943371347602e-04
-5.561717414128276686e-04
-1.372454085470363157e-03
-2.948665963707600320e-03
-5.722605678725772166e-03
-1.027416704450401230e-02
-1.734400838226280578e-02
-2.785047781134560030e-02
-4.290346344933555767e-02
-6.347704427684308648e-02
-8.894917637198962446e-02
-1.191560033867602453e-01
-1.540230271076383772e-01
-1.934642560143433609e-01
-2.373824173582010921e-01
-2.793618037859151859e-01
-3.284727191926274381e-01
-3.763925802553748090e-01
-4.220591024375740519e-01
-4.646278391717965084e-01
-5.034390196376257176e-01
-5.379880110190667919e-01
-5.678993832583901780e-01
-5.929041779700913173e-01
-6.128198037128212983e-01
-6.275319198786766250e-01
-6.369776978888948005e-01
-6.411299318532169833e-01
-6.408563094989045972e-01
-6.358247834210124516e-01
-6.254897100103150587e-01
-6.098203454382145061e-01
-5.887490083143602781e-01
-5.621566229337264797e-01
-5.298592191336789492e-01
-4.915960345665843501e-01
-4.470200819414629212e-01
-3.956923091405048498e-01
-3.370808095171242136e-01
-2.705669512968029711e-01
-1.954607701931624919e-01
-1.143446475020446496e-01
-3.051305389470360119e-02
5.585965847866813938e-02
1.445604711250902952e-01
2.353706238260032668e-01
3.280661541592028163e-01
4.224184498508012364e-01
5.181948125949886741e-01
6.151590319510562566e-01
7.130719679022942126e-01
8.116921406400160466e-01
9.107763261181452963e-01
1.010080155909562016e+00
1.099979043029138737e+00
1.199686843114159629e+00
1.298895119204621196e+00
1.397355902276968820e+00
1.494823091650905988e+00
1.591053070112929069e+00
1.685805312832487024e+00
1.778842988548794857e+00
1.869933551525646998e+00
1.958849322794649073e+00
2.045368059234067282e+00
2.129273509060890746e+00
2.210165641947408055e+00
2.283716860719351871e+00
2.348797599643854817e+00
2.406088653378206210e+00
2.456195904073051661e+00
2.499636702661312881e+00
2.536835076964485847e+00
2.568123512694166166e+00
2.593749511267901653e+00
2.613885527879174830e+00
2.628641210961089936e+00
2.638077120286007826e+00
2.642219311126999592e+00
2.641681382115973697e+00
2.636130017462761099e+00
2.625303341823647330e+00
2.609235312636384307e+00
2.587999037313257311e+00
2.561722784169781164e+00
2.530606946522157674e+00
2.494942507354799055e+00
2.455131624528878120e+00
2.411710966442720316e+00
2.365378344209733363e+00
2.317022972959455807e+00
2.267759276185145279e+00
2.220764535938005046e+00
2.178205764742609851e+00
2.140222306503746452e+00
2.106909100085609943e+00
2.078349411155062665e+00
2.054614624060832284e+00
2.038371452643980675e+00
2.024651511668762893e+00
2.015162558854617370e+00
2.008846932436431754e+00
2.004835214088981132e+00
2.002431393430903483e+00
2.001095371464192585e+00
2.000423982301732462e+00
2.000131250397103599e+00
2.000028289945941840e+00
2.000003056971680682e+00
2.000000050495969184e+00
0.000000000000000000e+00
4.390322567766323861e-03
1.675913766147369213e-02
3.710640728133630939e-02
6.543184399510122706e-02
1.017341651404305991e-01
1.460092381013376184e-01
1.982463137805837994e-01
2.584213220347573170e-01
3.264859850836443478e-01
4.023513015667211090e-01
4.858637808512034639e-01
5.767726872967874341e-01
6.733307640679664363e-01
7.693320840252684256e-01
8.639504255279422118e-01
9.569524341291792968e-01
1.048108741696707424e+00
1.137194532096701849e+00
1.213210647870694325e+00
1.293515301681400498e+00
1.365101992740280545e+00
1.428530787163889038e+00
1.484313608065509715e+00
1.532895958879970433e+00
1.574648126957258087e+00
1.609863564359623300e+00
1.638762560121184153e+00
1.661499704961000745e+00
1.678173966851854937e+00
1.688840460671189092e+00
1.693523219705084681e+00
1.693214709817300268e+00
1.687543181991195684e+00
1.675911050185938667e+00
1.658345705110358503e+00
1.634907907943766059e+00
1.605706092173262878e+00
1.570911692451892439e+00
1.530776120589500078e+00
1.485650113134648453e+00
1.436006224848835444e+00
1.382465209034538844e+00
1.325826875711895614e+00
1.267105680195861561e+00
1.209719256986420355e+00
1.156452505064879954e+00
1.107413362491991515e+00
1.062722773070037929e+00
1.022490955891920406e+00
9.868171335110300646e-01
9.557892872315731925e-01
9.294839401228529585e-01
9.079659682926637387e-01
8.912884408852448370e-01
8.794924891984023940e-01
8.726072052425939418e-01
8.706495699921539266e-01
8.731320822525430181e-01
8.806335116146790654e-01
8.931088791615031663e-01
9.105270029711938218e-01
9.328443468054103960e-01
9.600051289272155675e-01
9.919414615263661972e-01
1.028573520403485375e+00
1.069809744488987802e+00
1.115547064698069635e+00
1.165671161549744372e+00
1.220056750906008736e+00
1.278421988994630665e+00
1.336965915429910279e+00
1.393230858877410050e+00
1.446241669673699271e+00
1.495231491201053142e+00
1.539606942598194195e+00
1.578918029398527656e+00
1.612832460612373398e+00
1.641113741588442920e+00
1.663602287202899044e+00
1.680198783323433309e+00
1.690849085457770240e+00
1.695530054885366233e+00
1.694922027740652926e+00
1.688645122547286048e+00
1.676382606808227926e+00
1.658104589239569826e+00
1.633747242533701849e+00
1.603200258801773526e+00
1.566295440814265527e+00
1.522797166222470633e+00
1.472395693279574536e+00
1.414704550867365462e+00
1.349263584525183912e+00
1.275549627995743895e+00
1.192997199894260785e+00
1.104815076059792789e+00
1.014334869193276312e+00
9.218406869952258109e-01
8.275637167510977443e-01
7.317396017880051229e-01
6.346078524891216599e-01
5.518852371803066870e-01
4.629184352714703077e-01
3.814267357724103746e-01
3.076311486788285698e-01
2.416651502227007975e-01
1.836048760685539127e-01
1.334907870636702909e-01
9.134253016632953859e-02
5.716857496421179352e-02
3.097202098299767226e-02
1.275376259824545500e-02
2.513978486591850192e-03
1.570796326794896336e+00
1.570918959711997243e+00
1.571710156162454020e+00
1.573806479910864420e+00
1.577844494721825530e+00
1.584460764359933549e+00
1.594291852589787561e+00
1.607974323175982656e+00
1.626144739883116364e+00
1.649439666475786215e+00
1.678495666718589963e+00
1.713949304376122695e+00
1.756437143212981944e+00
1.805318036472318699e+00
1.854984703138985447e+00
1.904651369805652195e+00
1.954318036472318942e+00
2.003984703138985690e+00
2.053651369805652216e+00
2.097034025871474583e+00
2.141687912621482059e+00
2.179117723141049456e+00
2.209960872122604059e+00
2.234854774258571819e+00
2.254436844241379134e+00
2.269344496763452401e+00
2.280215146517218905e+00
2.287686208195104598e+00
2.292395096489535877e+00
2.294979226092939584e+00
2.296076011697741670e+00
2.296322867996368977e+00
2.296336136680431572e+00
2.296649807359122608e+00
2.297886667077009282e+00
2.300683279598688014e+00
2.305676208688756113e+00
2.313502018111810887e+00
2.324797271632449203e+00
2.340198533015267923e+00
2.360342366024864358e+00
2.385865334425835371e+00
2.417404001982778272e+00
2.455594932460290813e+00
2.501074689622967639e+00
-3.732470359778839786e+00
-3.682803693112171928e+00
-3.633137026445504070e+00
-3.583470359778836212e+00
-3.533803693112170130e+00
-3.484137026445504493e+00
-3.434470359778838855e+00
-3.384803693112173217e+00
-3.335137026445507580e+00
-3.285470359778841942e+00
-3.235803693112176305e+00
-3.186137026445510667e+00
-3.136470359778845030e+00
-3.091499991871689001e+00
-3.041499991871690067e+00
-2.991499991871691133e+00
-2.941499991871692199e+00
-2.891499991871693265e+00
-2.841499991871694331e+00
-2.791499991871695396e+00
-2.741499991871696462e+00
-2.691499991871697528e+00
-2.641499991871698594e+00
-2.591499991871699660e+00
-2.541499991871700281e+00
-2.491738180256484636e+00
-2.447518781239256924e+00
-2.410482000559409865e+00
-2.379991274452345262e+00
-2.355410039153467139e+00
-2.336101730898177298e+00
-2.321429785921879319e+00
-2.310757640459976336e+00
-2.303448730747871043e+00
-2.298866493020966129e+00
-2.296374363514664729e+00
-2.295335778464369980e+00
-2.295114174105484572e+00
-2.295094084275445923e+00
-2.294716740062242355e+00
-2.293352550433383374e+00
-2.290364951624272560e+00
-2.285117379870312604e+00
-2.276973271406906196e+00
-2.265296062469456473e+00
-2.249449189293367013e+00
-2.228796088114040064e+00
-2.202700195166878316e+00
-2.170524946687284906e+00
-2.131633778910663857e+00
-2.085390128072416083e+00
4.247728734662725714e+00
4.297728734662724648e+00
4.347728734662723582e+00
4.397728734662722516e+00
4.447728734662721450e+00
4.497728734662720385e+00
-1.744375579487693617e+00
-1.703827060109730729e+00
-1.670142877186849395e+00
-1.642686466954452751e+00
-1.620821265647943266e+00
-1.603910709502724297e+00
-1.591318234754198313e+00
-1.582407277637768672e+00
-1.576541274388838065e+00
-1.573083661242809628e+00
-1.571397874435086273e+00
-1.570847350201070691e+00
1.000000000000000056e-01
1.000000000000000056e-01
1.000000000000000056e-01
1.196881720430107432e-01
1.595806451612903354e-01
1.994731182795698721e-01
2.393655913978494643e-01
2.792580645161290009e-01
3.191505376344085931e-01
3.590430107526881298e-01
3.989354838709677220e-01
4.388279569892472587e-01
4.787204301075267954e-01
4.966666666666665897e-01
4.966666666666665897e-01
4.966666666666665897e-01
4.966666666666665897e-01
4.966666666666665897e-01
4.966666666666665897e-01
4.926666666666665861e-01
4.527208672086719954e-01
4.127750677506774601e-01
3.728292682926828694e-01
3.328834688346883341e-01
2.929376693766937434e-01
2.529918699186991526e-01
2.130460704607045619e-01
1.731002710027100266e-01
1.331544715447154359e-01
1.000000000000000056e-01
1.000000000000000056e-01
1.000000000000000056e-01
-1.000000000000000056e-01
-1.000000000000000056e-01
-1.000000000000000056e-01
-1.356451612903225579e-01
-1.755376344086021501e-01
-2.154301075268816867e-01
-2.553225806451612789e-01
-2.952150537634408156e-01
-3.351075268817204078e-01
-3.750000000000000000e-01
-4.148924731182795367e-01
-4.547849462365590734e-01
-4.946774193548386656e-01
-4.966666666666665897e-01
-4.966666666666665897e-01
-4.966666666666665897e-01
-4.966666666666665897e-01
-4.966666666666665897e-01
-4.966666666666665897e-01
-4.966666666666665897e-01
-4.966666666666665897e-01
-4.966666666666665897e-01
-4.966666666666665897e-01
-4.966666666666665897e-01
-4.966666666666665897e-01
-4.966666666666665897e-01
-5.000000000000000000e-01
-5.000000000000000000e-01
-5.000000000000000000e-01
-5.000000000000000000e-01
-5.000000000000000000e-01
-5.000000000000000000e-01
-5.000000000000000000e-01
-5.000000000000000000e-01
-5.000000000000000000e-01
-5.000000000000000000e-01
-5.000000000000000000e-01
-5.000000000000000000e-01
-4.920107526881720705e-01
-4.521182795698924783e-01
-4.122258064516128861e-01
-3.723333333333332940e-01
-3.324408602150538128e-01
-2.925483870967742206e-01
-2.526559139784946284e-01
-2.127634408602150917e-01
-1.728709677419354995e-01
-1.329784946236559073e-01
-1.000000000000000056e-01
-1.000000000000000056e-01
-1.000000000000000056e-01
1.000000000000000056e-01
1.000000000000000056e-01
1.000000000000000056e-01
1.396344086021505393e-01
1.795268817204300760e-01
2.194193548387096682e-01
2.593118279569892048e-01
2.992043010752687970e-01
3.390967741935483892e-01
3.789892473118279259e-01
4.188817204301075181e-01
4.587741935483870548e-01
4.986666666666666470e-01
5.000000000000000000e-01
5.000000000000000000e-01
5.000000000000000000e-01
5.000000000000000000e-01
5.000000000000000000e-01
5.000000000000000000e-01
4.720645161290322744e-01
4.321720430107526822e-01
3.922795698924731456e-01
3.523870967741935534e-01
3.124946236559139612e-01
2.726021505376344800e-01
2.327096774193548878e-01
1.928172043010752956e-01
1.529247311827957034e-01
1.130322580645161668e-01
1.000000000000000056e-01
1.000000000000000056e-01
0.000000000000000000e+00
3.990322580645161432e-02
7.979569892473117876e-02
1.196881720430107432e-01
1.595806451612903354e-01
1.994731182795698721e-01
2.393655913978494643e-01
2.792580645161290009e-01
3.191505376344085931e-01
3.590430107526881298e-01
3.989354838709677220e-01
4.388279569892472587e-01
4.787204301075267954e-01
5.000000000000000000e-01
5.000000000000000000e-01
5.000000000000000000e-01
5.000000000000000000e-01
5.000000000000000000e-01
5.000000000000000000e-01
4.959999999999999964e-01
4.561075268817204043e-01
4.162150537634408676e-01
3.763225806451613309e-01
3.364301075268817387e-01
2.965376344086021465e-01
2.566451612903226098e-01
2.167526881720430176e-01
1.768602150537634810e-01
1.369677419354838888e-01
9.707526881720435208e-02
5.718279569892475989e-02
1.729032258064522320e-02
-1.596774193548387150e-02
-5.586021505376344287e-02
-9.575268817204300731e-02
-1.356451612903225579e-01
-1.755376344086021501e-01
-2.154301075268816867e-01
-2.553225806451612789e-01
-2.952150537634408156e-01
-3.351075268817204078e-01
-3.750000000000000000e-01
-4.148924731182795367e-01
-4.547849462365590734e-01
-4.946774193548386656e-01
-5.000000000000000000e-01
-5.000000000000000000e-01
-5.000000000000000000e-01
-5.000000000000000000e-01
-5.000000000000000000e-01
-5.000000000000000000e-01
-5.000000000000000000e-01
-5.000000000000000000e-01
-5.000000000000000000e-01
-5.000000000000000000e-01
-5.000000000000000000e-01
-5.000000000000000000e-01
-5.000000000000000000e-01
-5.000000000000000000e-01
-5.000000000000000000e-01
-5.000000000000000000e-01
-5.000000000000000000e-01
-5.000000000000000000e-01
-5.000000000000000000e-01
-5.000000000000000000e-01
-5.000000000000000000e-01
-5.000000000000000000e-01
-5.000000000000000000e-01
-5.000000000000000000e-01
-5.000000000000000000e-01
-4.920107526881720705e-01
-4.521182795698924783e-01
-4.122258064516128861e-01
-3.723333333333332940e-01
-3.324408602150538128e-01
-2.925483870967742206e-01
-2.526559139784946284e-01
-2.127634408602150917e-01
-1.728709677419354995e-01
-1.329784946236559073e-01
-9.308602150537637065e-02
-5.319354838709677846e-02
-1.330107526881724178e-02
1.995698924731182863e-02
5.984946236559138960e-02
9.974193548387096098e-02
1.396344086021505393e-01
1.795268817204300760e-01
2.194193548387096682e-01
2.593118279569892048e-01
2.992043010752687970e-01
3.390967741935483892e-01
3.789892473118279259e-01
4.188817204301075181e-01
4.587741935483870548e-01
4.986666666666666470e-01
5.000000000000000000e-01
5.000000000000000000e-01
5.000000000000000000e-01
5.000000000000000000e-01
5.000000000000000000e-01
5.000000000000000000e-01
4.720645161290322744e-01
4.321720430107526822e-01
3.922795698924731456e-01
3.523870967741935534e-01
3.124946236559139612e-01
2.726021505376344800e-01
2.327096774193548878e-01
1.928172043010752956e-01
1.529247311827957034e-01
1.130322580645161668e-01
7.313978494623663007e-02
3.324731182795703788e-02
