0.000000000000000000e+00
2.163426437160153161e-07
6.133330464815556964e-06
4.470259796978640499e-05
1.845270943371718942e-04
5.561717414128971660e-04
1.372454085470361206e-03
2.948665963707577768e-03
5.722605678726030640e-03
1.027416704450424129e-02
1.734400838226326722e-02
2.785047781134626296e-02
4.290346344933611278e-02
6.347704427684397466e-02
8.894917637199095672e-02
1.191560033867624657e-01
1.540230271076414859e-01
1.934642560143478018e-01
2.373824173582068653e-01
2.856691970630842459e-01
3.382055068572220602e-01
3.948617779771574909e-01
4.554982807193743710e-01
5.199654690515798094e-01
5.881043494337099276e-01
6.597468729390425501e-01
7.347163497083495365e-01
8.128278847149246200e-01
8.938888337657786565e-01
9.639425157422619739e-01
1.040293834737207046e+00
1.111185220487779013e+00
1.176040779847340234e+00
1.234430924957244713e+00
1.286039864189868265e+00
1.330639856407376032e+00
1.368071052169268054e+00
1.398225724696445127e+00
1.421035760285660476e+00
1.436462405831665068e+00
1.444487437624953685e+00
1.445734639743518235e+00
1.440923706725925957e+00
1.428711946681632483e+00
1.409088095804031493e+00
1.382024806115833337e+00
1.347471808129403259e+00
1.305350175623882780e+00
1.255548477864782519e+00
1.197921840167645247e+00
1.132295187384432911e+00
1.058472219117959412e+00
9.762519599557235583e-01
8.854550263477631855e-01
7.878604497024057629e-01
6.892449110981733185e-01
5.901634337521778351e-01
4.908603794125520059e-01
4.030043152086844049e-01
3.032859978671192946e-01
2.040601641721525583e-01
1.063567924465375070e-01
1.616406530371528039e-02
-6.546066949796147671e-02
-1.387007643158698622e-01
-2.037587786115718780e-01
-2.608309666898943613e-01
-3.100913264687331639e-01
-3.516830923762129801e-01
-3.857158460498624208e-01
-4.122667150220616916e-01
-4.313844025688409189e-01
-4.430950443382541959e-01
-4.474091219721114676e-01
-4.454238481942399686e-01
-4.361800609451884636e-01
-4.195499639882744880e-01
-3.955539873112372540e-01
-3.642341824374989434e-01
-3.256631891993296835e-01
-2.799547106937463337e-01
-2.272763505180195320e-01
-1.678658283827543229e-01
-1.020517113864523040e-01
-3.027985439081570807e-02
4.685329329519116737e-02
1.283524429497095998e-01
2.091632250496284762e-01
2.869299526664721434e-01
3.614582494813272096e-01
4.325618335657435143e-01
5.000629829895402167e-01
5.637929800330774288e-01
6.235925328936871015e-01
6.793121738322223102e-01
7.308126327645654285e-01
7.779651853643057002e-01
8.206519748065184139e-01
8.587663063484485271e-01
8.922129140108012724e-01
9.209081986930771624e-01
9.447804371277861435e-01
9.616285473560192143e-01
9.753484883312371068e-01
9.848374411453827415e-01
9.911530675635683574e-01
9.951647859110188676e-01
9.975686065690964055e-01
9.989046285358075261e-01
9.995760176982676493e-01
9.998687496028961785e-01
9.999717100540581605e-01
9.999969430283193184e-01
9.999999495040308162e-01
0.000000000000000000e+00
4.390322567766323861e-03
1.675913766147369213e-02
3.710640728133630939e-02
6.543184399510122706e-02
1.017341651404340963e-01
1.460092381013358143e-01
1.982463137805832443e-01
2.584213220347627571e-01
3.264859850836488997e-01
4.023513015667277704e-01
4.858637808512115686e-01
5.767726872967952056e-01
6.733307640679748740e-01
7.693320840252790838e-01
8.639504255279548683e-01
9.569524341291940628e-01
1.048108741696724078e+00
1.137194532096720279e+00
1.223990095651258825e+00
1.308281371001864812e+00
1.389860473042777711e+00
1.468526205621903058e+00
1.544084557744995534e+00
1.616349182059296785e+00
1.685141854436557729e+00
1.750292913521991345e+00
1.811641679165106655e+00
1.869036848700461828e+00
1.914028168016139064e+00
1.958861113576303659e+00
1.997115097005412121e+00
2.029667093525997945e+00
2.057252019961001377e+00
2.080466191552278410e+00
2.099776156094831148e+00
2.115531241550761443e+00
2.127978618111065590e+00
2.137280017571121959e+00
2.143529501275258653e+00
2.146771847824799906e+00
2.147275456025915297e+00
2.145333278851874859e+00
2.140410474611309510e+00
2.132535067948687857e+00
2.121775698984938785e+00
2.108260765189208463e+00
2.092197983202676248e+00
2.073894629473104878e+00
2.053778731299590099e+00
2.032421430583459809e+00
2.010560600790922248e+00
1.989125526545044043e+00
1.969262008275957765e+00
1.952612616775311505e+00
1.940777985694725594e+00
1.933853839974753575e+00
1.931857256433361592e+00
1.934203895934454298e+00
1.941564196664486319e+00
1.953899137596992075e+00
1.971014775942109498e+00
1.991141786470317587e+00
2.012745307785634097e+00
2.034695022560295108e+00
2.056075485953010595e+00
2.076160984822060129e+00
2.094390893981113777e+00
2.110346129711634156e+00
2.123726864923506596e+00
2.134331410543357510e+00
2.142036033609380663e+00
2.146775438512129597e+00
2.148523653962516988e+00
2.147718982025375478e+00
2.143969531640274262e+00
2.137203633866743502e+00
2.127371328331962186e+00
2.114371133098144284e+00
2.098031775616459704e+00
2.078094588042714186e+00
2.054197014055666681e+00
2.025857860563075707e+00
1.992465185002345152e+00
1.953268062049986931e+00
1.907373951577401083e+00
1.853898687514679233e+00
1.795012913879025174e+00
1.732161876369389120e+00
1.665502669847357176e+00
1.595201907613790882e+00
1.521435304962345247e+00
1.444387239982744431e+00
1.364250292711580936e+00
1.281224763782517595e+00
1.195518173779017257e+00
1.107344744540959658e+00
1.016924863721605288e+00
9.244845339332392609e-01
8.302548078583392721e-01
7.344712107381997646e-01
6.373731516824882037e-01
5.518852371803067980e-01
4.629184352714704187e-01
3.814267357724104857e-01
3.076311486788286809e-01
2.416651502227008530e-01
1.836048760685540238e-01
1.334907870636704019e-01
9.134253016632964961e-02
5.716857496421190454e-02
3.097202098299778328e-02
1.275376259824556602e-02
2.513978486591961214e-03
1.570796326794896336e+00
1.570673693877795429e+00
1.569882497427338652e+00
1.567786173678928252e+00
1.563748158867967142e+00
1.557131889229859123e+00
1.547300801000005110e+00
1.533618330413810016e+00
1.515447913706676308e+00
1.492152987114006901e+00
1.463096986871202931e+00
1.427643349213670643e+00
1.385155510376811394e+00
1.336274617117474861e+00
1.286607950450807003e+00
1.236941283784139145e+00
1.187274617117471287e+00
1.137607950450803429e+00
1.087941283784135571e+00
1.038274617117467713e+00
9.886079504507998550e-01
9.389412837841319970e-01
8.892746171174641390e-01
8.396079504507962810e-01
7.899412837841284230e-01
7.402746171174605649e-01
6.906079504507927069e-01
6.409412837841248489e-01
5.912746171174569909e-01
5.510055915292046969e-01
5.114754866832100788e-01
4.787232677829562633e-01
4.521115201360175195e-01
4.310028290499667847e-01
4.147597798323781060e-01
4.027449577908241984e-01
3.943209482328791093e-01
3.888503364661162198e-01
3.856957077981091331e-01
3.842196475364314523e-01
3.837847409886561145e-01
3.837579774417261280e-01
3.835971335406971328e-01
3.827040697298520477e-01
3.804422222445935642e-01
3.761750273203250394e-01
3.692659211924489426e-01
3.590783400963684091e-01
3.449757202674865741e-01
3.263214979412059069e-01
3.024791093529302088e-01
2.728119907380612830e-01
2.366835783320027087e-01
1.934573083701582874e-01
1.442699210976416957e-01
9.460325443097605813e-02
4.493658776431042057e-02
-4.730078902355216997e-03
-4.867731441689704397e-02
-9.867731441689597816e-02
-1.486773144168949123e-01
-1.978881703632466849e-01
-2.406201206118304681e-01
-2.762967652759532600e-01
-3.055546681202127024e-01
-3.290303929092056601e-01
-3.473605034075292197e-01
-3.611815633797804681e-01
-3.711301365905562699e-01
-3.778427868044539339e-01
-3.819560777860701029e-01
-3.841065733000023075e-01
-3.849308371108476345e-01
-3.850654329832029488e-01
-3.851102982832376176e-01
-3.856340864784045808e-01
-3.872720328421462854e-01
-3.906607011390591522e-01
-3.964366551337407119e-01
-4.052364585907878292e-01
-4.176966752747975908e-01
-4.344538689503670836e-01
-4.561446033820931723e-01
-4.834054423345731655e-01
-5.168729495724048162e-01
-5.571836888601836568e-01
-6.047207337717341868e-01
-6.547207337717342313e-01
-7.047207337717342757e-01
-7.547207337717343201e-01
-8.047207337717343645e-01
-8.547207337717344089e-01
-9.047207337717344533e-01
-9.547207337717344977e-01
-1.004720733771734542e+00
-1.054720733771734587e+00
-1.104720733771734631e+00
-1.154720733771734675e+00
-1.204720733771734720e+00
-1.254720733771734764e+00
-1.304720733771734809e+00
-1.354720733771734853e+00
-1.397217074102099499e+00
-1.437765593480062387e+00
-1.471449776402943721e+00
-1.498906186635340365e+00
-1.520771387941849850e+00
-1.537681944087068819e+00
-1.550274418835594803e+00
-1.559185375952024444e+00
-1.565051379200955051e+00
-1.568508992346983488e+00
-1.570194779154706843e+00
-1.570745303388722425e+00
1.000000000000000056e-01
1.000000000000000056e-01
1.000000000000000056e-01
1.196881720430107432e-01
1.595806451612903354e-01
1.994731182795698721e-01
2.393655913978494643e-01
2.792580645161290009e-01
3.191505376344085931e-01
3.590430107526881298e-01
3.989354838709677220e-01
4.388279569892472587e-01
4.787204301075267954e-01
4.966666666666665897e-01
4.966666666666665897e-01
4.966666666666665897e-01
4.966666666666665897e-01
4.966666666666665897e-01
4.966666666666665897e-01
4.966666666666665897e-01
4.966666666666665897e-01
4.966666666666665897e-01
4.966666666666665897e-01
4.966666666666665897e-01
4.966666666666665897e-01
4.966666666666665897e-01
4.966666666666665897e-01
4.966666666666665897e-01
4.966666666666665897e-01
4.647046070460704170e-01
4.247588075880758263e-01
3.848130081300812355e-01
3.448672086720866448e-01
3.049214092140920540e-01
2.649756097560975188e-01
2.250298102981029835e-01
1.850840108401083928e-01
1.451382113821138020e-01
1.051924119241192113e-01
1.000000000000000056e-01
1.000000000000000056e-01
-1.000000000000000056e-01
-1.000000000000000056e-01
-1.000000000000000056e-01
-1.236774193548386969e-01
-1.635698924731182613e-01
-2.034623655913978257e-01
-2.433548387096773902e-01
-2.832473118279569824e-01
-3.231397849462365190e-01
-3.630322580645161112e-01
-4.029247311827956479e-01
-4.428172043010752401e-01
-4.827096774193547768e-01
-4.966666666666665897e-01
-4.966666666666665897e-01
-4.966666666666665897e-01
-4.966666666666665897e-01
-5.000000000000000000e-01
-5.000000000000000000e-01
-5.000000000000000000e-01
-4.840322580645161077e-01
-4.441397849462365710e-01
-4.042473118279569788e-01
-3.643548387096774421e-01
-3.244623655913978499e-01
-2.845698924731183133e-01
-2.446774193548387211e-01
-2.047849462365591844e-01
-1.648924731182795922e-01
-1.250000000000000000e-01
-1.000000000000000056e-01
-1.000000000000000056e-01
-1.000000000000000056e-01
1.000000000000000056e-01
1.000000000000000056e-01
1.077204301075268822e-01
1.476129032258064466e-01
1.875053763440860111e-01
2.273978494623655477e-01
2.672903225806451122e-01
3.071827956989247044e-01
3.470752688172042966e-01
3.869677419354838332e-01
4.268602150537633699e-01
4.667526881720429621e-01
5.000000000000000000e-01
5.000000000000000000e-01
5.000000000000000000e-01
5.000000000000000000e-01
5.000000000000000000e-01
5.000000000000000000e-01
5.000000000000000000e-01
5.000000000000000000e-01
5.000000000000000000e-01
5.000000000000000000e-01
5.000000000000000000e-01
5.000000000000000000e-01
5.000000000000000000e-01
5.000000000000000000e-01
5.000000000000000000e-01
5.000000000000000000e-01
4.720645161290322744e-01
4.321720430107526822e-01
3.922795698924731456e-01
3.523870967741935534e-01
3.124946236559139612e-01
2.726021505376344800e-01
2.327096774193548878e-01
1.928172043010752956e-01
1.529247311827957034e-01
1.130322580645161668e-01
1.000000000000000056e-01
1.000000000000000056e-01
0.000000000000000000e+00
-3.990322580645161432e-02
-7.979569892473117876e-02
-1.196881720430107432e-01
-1.595806451612903354e-01
-1.994731182795698721e-01
-2.393655913978494643e-01
-2.792580645161290009e-01
-3.191505376344085931e-01
-3.590430107526881298e-01
-3.989354838709677220e-01
-4.388279569892472587e-01
-4.787204301075267954e-01
-5.000000000000000000e-01
-5.000000000000000000e-01
-5.000000000000000000e-01
-5.000000000000000000e-01
-5.000000000000000000e-01
-5.000000000000000000e-01
-5.000000000000000000e-01
-5.000000000000000000e-01
-5.000000000000000000e-01
-5.000000000000000000e-01
-5.000000000000000000e-01
-5.000000000000000000e-01
-5.000000000000000000e-01
-5.000000000000000000e-01
-5.000000000000000000e-01
-5.000000000000000000e-01
-4.680752688172042930e-01
-4.281827956989247008e-01
-3.882903225806451641e-01
-3.483978494623656275e-01
-3.085053763440860353e-01
-2.686129032258064431e-01
-2.287204301075269064e-01
-1.888279569892473142e-01
-1.489354838709677775e-01
-1.090430107526881853e-01
-6.915053763440864865e-02
-2.925806451612905645e-02
4.000000000000000083e-03
4.389247311827956799e-02
8.378494623655913243e-02
1.236774193548386969e-01
1.635698924731182613e-01
2.034623655913978257e-01
2.433548387096773902e-01
2.832473118279569824e-01
3.231397849462365190e-01
3.630322580645161112e-01
4.029247311827956479e-01
4.428172043010752401e-01
4.827096774193547768e-01
5.000000000000000000e-01
5.000000000000000000e-01
5.000000000000000000e-01
5.000000000000000000e-01
5.000000000000000000e-01
5.000000000000000000e-01
5.000000000000000000e-01
4.840322580645161077e-01
4.441397849462365710e-01
4.042473118279569788e-01
3.643548387096774421e-01
3.244623655913978499e-01
2.845698924731183133e-01
2.446774193548387211e-01
2.047849462365591844e-01
1.648924731182795922e-01
1.250000000000000000e-01
8.510752688172046332e-02
4.521505376344092664e-02
5.322580645161334445e-03
-2.793548387096773944e-02
-6.782795698924730388e-02
-1.077204301075268822e-01
-1.476129032258064466e-01
-1.875053763440860111e-01
-2.273978494623655477e-01
-2.672903225806451122e-01
-3.071827956989247044e-01
-3.470752688172042966e-01
-3.869677419354838332e-01
-4.268602150537633699e-01
-4.667526881720429621e-01
-5.000000000000000000e-01
-5.000000000000000000e-01
-5.000000000000000000e-01
-5.000000000000000000e-01
-5.000000000000000000e-01
-5.000000000000000000e-01
-5.000000000000000000e-01
-5.000000000000000000e-01
-5.000000000000000000e-01
-5.000000000000000000e-01
-5.000000000000000000e-01
-5.000000000000000000e-01
-5.000000000000000000e-01
-5.000000000000000000e-01
-5.000000000000000000e-01
-5.000000000000000000e-01
-4.720645161290322744e-01
-4.321720430107526822e-01
-3.922795698924731456e-01
-3.523870967741935534e-01
-3.124946236559139612e-01
-2.726021505376344800e-01
-2.327096774193548878e-01
-1.928172043010752956e-01
-1.529247311827957034e-01
-1.130322580645161668e-01
-7.313978494623663007e-02
-3.324731182795703788e-02
