0.000000000000000000e+00
-2.163426437135280039e-07
-6.133330464806070195e-06
-4.470259796976537825e-05
-1.845270943371347602e-04
-5.561717414128276686e-04
-1.372454085470363157e-03
-2.948665963707600320e-03
-5.722605678725772166e-03
-1.027416704450401230e-02
-1.734400838226280578e-02
-2.785047781134560030e-02
-4.290346344933555767e-02
-6.347704427684308648e-02
-8.894917637198962446e-02
-1.191560033867602453e-01
-1.540230271076383772e-01
-1.879584571867596865e-01
-2.288328919412106477e-01
-2.693898750497730754e-01
-3.085166538294656924e-01
-3.453220235480543021e-01
-3.791051489193307811e-01
-4.093270485210689924e-01
-4.355849494831121049e-01
-4.575893037727586377e-01
-4.751430403389069745e-01
-4.881225361439899268e-01
-4.964597890535102920e-01
-5.001253362581121742e-01
-4.998837781585782070e-01
-4.954417158211565919e-01
-4.863156919791077337e-01
-4.724723892913456069e-01
-4.538384149376775145e-01
-4.302844922030265584e-01
-4.016105017035726532e-01
-3.675319531347162050e-01
-3.276686737070105271e-01
-2.815367585101612447e-01
-2.285451591287263606e-01
-1.679987113299471480e-01
-9.910990916067843881e-02
-2.410815836022717207e-02
5.400560627706463279e-02
1.350686412657229329e-01
2.188810232147226920e-01
3.052360480990853331e-01
3.939207410479671490e-01
4.847163815983468460e-01
5.773990431189125472e-01
6.717401450737522373e-01
7.675070167638415874e-01
8.644634711559808782e-01
9.623703873839634104e-01
1.060986300485370126e+00
1.160067996919541100e+00
1.259371114398012192e+00
1.339371794941044191e+00
1.439118061141964278e+00
1.538391249999830013e+00
1.636943230242974057e+00
1.734527673245667367e+00
1.830900668721399116e+00
1.925821334371565552e+00
2.019052417965768065e+00
2.110360890348831564e+00
2.199518527892331043e+00
2.286302482934808200e+00
2.370495840784867525e+00
2.451888161894936857e+00
2.530276007850541298e+00
2.605404756605942840e+00
2.673630452520884493e+00
2.733572537967307703e+00
2.786014047145932704e+00
2.831644311227958788e+00
2.871047899338931675e+00
2.904702121229762568e+00
2.932980830549525297e+00
2.956162757644478223e+00
2.974443021097874063e+00
2.987946792969442100e+00
2.996744347533370156e+00
3.000866925634365412e+00
3.000781159059005887e+00
2.996348263280383506e+00
2.987259934860656330e+00
2.973549628792718558e+00
2.955291445362669300e+00
2.932617249146983074e+00
2.905734580781298426e+00
2.874945825243426345e+00
2.840669154774855709e+00
2.803461755130199684e+00
2.764045739222387610e+00
2.723336915705955263e+00
2.682476146402285266e+00
2.644040148083770081e+00
2.610226271219231897e+00
2.581157620641999273e+00
2.556906852839852640e+00
2.540022764113538667e+00
2.525813963673235296e+00
2.515952721152871607e+00
2.509361886999680546e+00
2.505153828908959213e+00
2.502615950201408257e+00
2.501193397188323786e+00
2.500470190484801236e+00
2.500149536277146645e+00
2.500033749538755679e+00
2.500004015137657909e+00
2.500000091771009014e+00
2.500000000000000000e+00
0.000000000000000000e+00
4.390322567766323861e-03
1.675913766147369213e-02
3.710640728133630939e-02
6.543184399510122706e-02
1.017341651404305991e-01
1.460092381013376184e-01
1.982463137805837994e-01
2.584213220347573170e-01
3.264859850836443478e-01
4.023513015667211090e-01
4.858637808512034639e-01
5.767726872967874341e-01
6.733307640679664363e-01
7.693320840252684256e-01
8.639504255279422118e-01
9.569524341291792968e-01
1.036100471762252173e+00
1.120894339578544008e+00
1.196894987879491667e+00
1.264553973924027241e+00
1.324296632173956434e+00
1.376500587770818296e+00
1.421484063949204124e+00
1.459501689568734939e+00
1.490745890741060453e+00
1.515352317477942634e+00
1.533408066156085159e+00
1.544961724734168040e+00
1.550034499394532972e+00
1.549700288041957918e+00
1.543556139220091161e+00
1.530953126819330823e+00
1.511915445647176170e+00
1.486496818933753961e+00
1.454793290292029528e+00
1.416957132809655073e+00
1.373212556581545396e+00
1.323874021393306899e+00
1.269368037271269678e+00
1.210259335225582600e+00
1.147282182258259731e+00
1.081377325240825416e+00
1.016202450434036342e+00
9.548565237460557853e-01
8.974643003578224310e-01
8.441673250303960430e-01
7.950970425343844017e-01
7.503744734715513953e-01
7.101099158052506244e-01
6.744026728357817024e-01
6.433408082915696991e-01
6.170009291401690188e-01
5.954479966547405745e-01
5.787351662019644127e-01
5.669036561465143897e-01
5.599826461954120482e-01
5.579892054329684825e-01
5.599711771586768361e-01
5.669424911843656822e-01
5.788903284053914522e-01
5.957848254510147434e-01
6.175837548771054841e-01
6.442326307127614893e-01
6.756648446468598301e-01
7.118018325141459712e-01
7.525532706647308778e-01
7.978173017261771527e-01
8.474807891938826998e-01
9.014196002134231556e-01
9.594989158480395908e-01
1.021573568055767822e+00
1.087434028461191637e+00
1.153259607461512903e+00
1.216077341812984880e+00
1.274962494845426342e+00
1.329194047841791182e+00
1.378218129718612683e+00
1.421617059508508252e+00
1.459083498216427355e+00
1.490398919370085284e+00
1.515415511132460313e+00
1.534040629188767824e+00
1.546222999944290466e+00
1.551940001683282500e+00
1.551821026031961814e+00
1.545670260423748443e+00
1.533040037970653469e+00
1.513906354558972822e+00
1.488216467037876800e+00
1.455877916864463106e+00
1.416748711932557914e+00
1.370629432449374185e+00
1.317258261053654511e+00
1.256310207194016204e+00
1.187402109894481139e+00
1.110105371629577675e+00
1.023968766736885083e+00
9.317628034651327384e-01
8.376642457096630245e-01
7.419932971730862636e-01
6.449890854022770625e-01
5.611809803120275664e-01
4.714833387966967937e-01
3.892324256399151139e-01
3.146600442800269182e-01
2.479069097942770417e-01
1.890537900756270040e-01
1.381439453768662506e-01
9.519859578976408443e-02
6.022701414096642836e-02
3.323265925427154599e-02
1.421655791178000339e-02
3.178924716646935877e-03
0.000000000000000000e+00
1.570796326794896336e+00
1.570918959711997243e+00
1.571710156162454020e+00
1.573806479910864420e+00
1.577844494721825530e+00
1.584460764359933549e+00
1.594291852589787561e+00
1.607974323175982656e+00
1.626144739883116364e+00
1.649439666475786215e+00
1.678495666718589963e+00
1.713949304376122695e+00
1.756437143212981944e+00
1.805318036472318699e+00
1.854984703138985447e+00
1.904651369805652195e+00
1.954318036472318942e+00
1.997340125980847425e+00
2.041994012730854902e+00
2.079423823250422299e+00
2.110266972231976901e+00
2.135160874367944661e+00
2.154742944350751976e+00
2.169650596872825243e+00
2.180521246626591747e+00
2.187992308304477440e+00
2.192701196598908719e+00
2.195285326202312426e+00
2.196382111807114512e+00
2.196628968105741819e+00
2.196642236789804414e+00
2.196955907468495450e+00
2.198192767186382124e+00
2.200989379708060856e+00
2.205982308798128955e+00
2.213808118221183729e+00
2.225103371741822045e+00
2.240504633124640765e+00
2.260648466134237200e+00
2.286171434535208213e+00
2.317710102092151114e+00
2.355901032569663656e+00
2.401380789732340482e+00
-3.832164259669466944e+00
-3.782497593002799086e+00
-3.732830926336131228e+00
-3.683164259669463370e+00
-3.633497593002795512e+00
-3.583830926336127654e+00
-3.534164259669461572e+00
-3.484497593002795934e+00
-3.434830926336130297e+00
-3.385164259669464659e+00
-3.335497593002799022e+00
-3.285830926336133384e+00
-3.236164259669467747e+00
-3.186497593002802109e+00
-3.136830926336136471e+00
-3.096815642718690587e+00
-3.046815642718691652e+00
-2.996815642718692718e+00
-2.946815642718693784e+00
-2.896815642718694850e+00
-2.846815642718695916e+00
-2.796815642718696981e+00
-2.746815642718698047e+00
-2.696815642718699113e+00
-2.646815642718700179e+00
-2.596815642718701245e+00
-2.546815642718701866e+00
-2.496815642718701600e+00
-2.446815642718701778e+00
-2.396895322718702204e+00
-2.351922650860684083e+00
-2.314196253716505502e+00
-2.283079567521569597e+00
-2.257936028511279503e+00
-2.238129072921037910e+00
-2.223022136986247510e+00
-2.211978656942311883e+00
-2.204362069024633719e+00
-2.199535809468615710e+00
-2.196863314509660547e+00
-2.195708020383172254e+00
-2.195433363324552634e+00
-2.195417700750844414e+00
-2.195104030072153378e+00
-2.193867170354266705e+00
-2.191070557832587973e+00
-2.186077628742519874e+00
-2.178251819319465099e+00
-2.166956565798826784e+00
-2.151555304416008063e+00
-2.131411471406411628e+00
-2.105888503005440171e+00
-2.074349835448496826e+00
-2.036158904970985173e+00
-1.990679147808307015e+00
4.342413083815722885e+00
4.392413083815721819e+00
4.442413083815720753e+00
4.492413083815719688e+00
-1.748832477635456240e+00
-1.707562513604932386e+00
-1.673220542405949862e+00
-1.645170000273911581e+00
-1.622774323444220235e+00
-1.605396948152279180e+00
-1.592401310633490663e+00
-1.583150847123258265e+00
-1.577008993856984675e+00
-1.573339187070073031e+00
-1.571504862997926022e+00
-1.570869457875946340e+00
-1.570796326794896558e+00
1.000000000000000056e-01
1.000000000000000056e-01
1.000000000000000056e-01
1.196881720430107432e-01
1.595806451612903354e-01
1.994731182795698721e-01
2.393655913978494643e-01
2.792580645161290009e-01
3.191505376344085931e-01
3.590430107526881298e-01
3.989354838709677220e-01
4.388279569892472587e-01
4.787204301075267954e-01
4.966666666666665897e-01
4.966666666666665897e-01
4.966666666666665897e-01
4.966666666666665897e-01
4.926666666666665861e-01
4.527208672086719954e-01
4.127750677506774601e-01
3.728292682926828694e-01
3.328834688346883341e-01
2.929376693766937434e-01
2.529918699186991526e-01
2.130460704607045619e-01
1.731002710027100266e-01
1.331544715447154359e-01
1.000000000000000056e-01
1.000000000000000056e-01
1.000000000000000056e-01
-1.000000000000000056e-01
-1.000000000000000056e-01
-1.000000000000000056e-01
-1.356451612903225579e-01
-1.755376344086021501e-01
-2.154301075268816867e-01
-2.553225806451612789e-01
-2.952150537634408156e-01
-3.351075268817204078e-01
-3.750000000000000000e-01
-4.148924731182795367e-01
-4.547849462365590734e-01
-4.946774193548386656e-01
-4.966666666666665897e-01
-4.966666666666665897e-01
-4.966666666666665897e-01
-4.966666666666665897e-01
-4.966666666666665897e-01
-4.966666666666665897e-01
-4.966666666666665897e-01
-4.966666666666665897e-01
-4.966666666666665897e-01
-4.966666666666665897e-01
-4.966666666666665897e-01
-4.966666666666665897e-01
-4.966666666666665897e-01
-4.966666666666665897e-01
-4.966666666666665897e-01
-5.000000000000000000e-01
-5.000000000000000000e-01
-5.000000000000000000e-01
-5.000000000000000000e-01
-5.000000000000000000e-01
-5.000000000000000000e-01
-5.000000000000000000e-01
-5.000000000000000000e-01
-5.000000000000000000e-01
-5.000000000000000000e-01
-5.000000000000000000e-01
-5.000000000000000000e-01
-5.000000000000000000e-01
-5.000000000000000000e-01
-4.959999999999999964e-01
-4.561075268817204043e-01
-4.162150537634408676e-01
-3.763225806451613309e-01
-3.364301075268817387e-01
-2.965376344086021465e-01
-2.566451612903226098e-01
-2.167526881720430176e-01
-1.768602150537634810e-01
-1.369677419354838888e-01
-1.000000000000000056e-01
-1.000000000000000056e-01
-1.000000000000000056e-01
1.000000000000000056e-01
1.000000000000000056e-01
1.000000000000000056e-01
1.356451612903225579e-01
1.755376344086021501e-01
2.154301075268816867e-01
2.553225806451612789e-01
2.952150537634408156e-01
3.351075268817204078e-01
3.750000000000000000e-01
4.148924731182795367e-01
4.547849462365590734e-01
4.946774193548386656e-01
5.000000000000000000e-01
5.000000000000000000e-01
5.000000000000000000e-01
5.000000000000000000e-01
4.760537634408602004e-01
4.361612903225806637e-01
3.962688172043010715e-01
3.563763440860214793e-01
3.164838709677419426e-01
2.765913978494624059e-01
2.366989247311828137e-01
1.968064516129032215e-01
1.569139784946236849e-01
1.170215053763441482e-01
1.000000000000000056e-01
1.000000000000000056e-01
1.000000000000000056e-01
0.000000000000000000e+00
3.990322580645161432e-02
7.979569892473117876e-02
1.196881720430107432e-01
1.595806451612903354e-01
1.994731182795698721e-01
2.393655913978494643e-01
2.792580645161290009e-01
3.191505376344085931e-01
3.590430107526881298e-01
3.989354838709677220e-01
4.388279569892472587e-01
4.787204301075267954e-01
5.000000000000000000e-01
5.000000000000000000e-01
5.000000000000000000e-01
5.000000000000000000e-01
4.959999999999999964e-01
4.561075268817204043e-01
4.162150537634408676e-01
3.763225806451613309e-01
3.364301075268817387e-01
2.965376344086021465e-01
2.566451612903226098e-01
2.167526881720430176e-01
1.768602150537634810e-01
1.369677419354838888e-01
9.707526881720435208e-02
5.718279569892475989e-02
1.729032258064522320e-02
-1.596774193548387150e-02
-5.586021505376344287e-02
-9.575268817204300731e-02
-1.356451612903225579e-01
-1.755376344086021501e-01
-2.154301075268816867e-01
-2.553225806451612789e-01
-2.952150537634408156e-01
-3.351075268817204078e-01
-3.750000000000000000e-01
-4.148924731182795367e-01
-4.547849462365590734e-01
-4.946774193548386656e-01
-5.000000000000000000e-01
-5.000000000000000000e-01
-5.000000000000000000e-01
-5.000000000000000000e-01
-5.000000000000000000e-01
-5.000000000000000000e-01
-5.000000000000000000e-01
-5.000000000000000000e-01
-5.000000000000000000e-01
-5.000000000000000000e-01
-5.000000000000000000e-01
-5.000000000000000000e-01
-5.000000000000000000e-01
-5.000000000000000000e-01
-5.000000000000000000e-01
-5.000000000000000000e-01
-5.000000000000000000e-01
-5.000000000000000000e-01
-5.000000000000000000e-01
-5.000000000000000000e-01
-5.000000000000000000e-01
-5.000000000000000000e-01
-5.000000000000000000e-01
-5.000000000000000000e-01
-5.000000000000000000e-01
-5.000000000000000000e-01
-5.000000000000000000e-01
-5.000000000000000000e-01
-5.000000000000000000e-01
-4.959999999999999964e-01
-4.561075268817204043e-01
-4.162150537634408676e-01
-3.763225806451613309e-01
-3.364301075268817387e-01
-2.965376344086021465e-01
-2.566451612903226098e-01
-2.167526881720430176e-01
-1.768602150537634810e-01
-1.369677419354838888e-01
-9.707526881720435208e-02
-5.718279569892475989e-02
-1.729032258064522320e-02
1.596774193548387150e-02
5.586021505376344287e-02
9.575268817204300731e-02
1.356451612903225579e-01
1.755376344086021501e-01
2.154301075268816867e-01
2.553225806451612789e-01
2.952150537634408156e-01
3.351075268817204078e-01
3.750000000000000000e-01
4.148924731182795367e-01
4.547849462365590734e-01
4.946774193548386656e-01
5.000000000000000000e-01
5.000000000000000000e-01
5.000000000000000000e-01
5.000000000000000000e-01
4.760537634408602004e-01
4.361612903225806637e-01
3.962688172043010715e-01
3.563763440860214793e-01
3.164838709677419426e-01
2.765913978494624059e-01
2.366989247311828137e-01
1.968064516129032215e-01
1.569139784946236849e-01
1.170215053763441482e-01
7.712903225806450047e-02
3.723655913978496379e-02
3.333333333333353063e-03
