0.000000000000000000e+00
-2.163426437135280039e-07
-6.133330464806070195e-06
-4.470259796976537825e-05
-1.845270943371347602e-04
-5.561717414128276686e-04
-1.372454085470363157e-03
-2.948665963707600320e-03
-5.722605678725772166e-03
-1.027416704450401230e-02
-1.734400838226280578e-02
-2.785047781134560030e-02
-4.290346344933555767e-02
-6.347704427684308648e-02
-8.894917637198962446e-02
-1.135032978381308733e-01
-1.446360989560548371e-01
-1.760988564861122874e-01
-2.068040047291943018e-01
-2.358784226370681247e-01
-2.626353178876687511e-01
-2.865478275027047994e-01
-3.072246424419438626e-01
-3.243875769860325442e-01
-3.378507891803746999e-01
-3.475012645352738017e-01
-3.532801665593570672e-01
-3.551647054809405346e-01
-3.541062041057296828e-01
-3.492354973246710736e-01
-3.404525545546599474e-01
-3.277103463801548933e-01
-3.109134132085616953e-01
-2.899008541887454493e-01
-2.644301630214208609e-01
-2.341624606161272770e-01
-1.986498795084113977e-01
-1.573261253583349562e-01
-1.095015982390895870e-01
-5.436492626076377954e-02
8.792885405456418724e-03
7.680695991824038060e-02
1.483306637576469189e-01
2.231876001059125425e-01
3.011931514914785168e-01
3.821549351056581223e-01
4.658732772707281367e-01
5.521417058892776897e-01
6.407474596602986683e-01
7.314720128061543702e-01
8.240916140163184744e-01
9.183778382786773609e-01
1.014098150237453533e+00
1.111016477688350212e+00
1.208893793796520066e+00
1.307488706601453332e+00
1.406558054354906773e+00
1.505857505223606507e+00
1.591351805423768084e+00
1.691091150662489939e+00
1.790352512808968788e+00
1.888887790152156354e+00
1.986450695814875322e+00
2.082797373342747616e+00
2.177687006218333998e+00
2.270882419777009886e+00
2.362150674020112806e+00
2.451263645843622108e+00
2.537998599227118568e+00
2.622138741957833918e+00
2.703473767498281166e+00
2.781800380643070447e+00
2.856922805651051611e+00
2.928653275582706605e+00
2.996812501619714020e+00
3.059461318147870479e+00
3.113997117074770227e+00
3.161284090100317634e+00
3.202126505601625261e+00
3.237206317431224001e+00
3.267082165142110473e+00
3.292194640763133506e+00
3.312876004572681943e+00
3.329362994781382756e+00
3.341811727345065819e+00
3.350313947370815004e+00
3.354914094870420804e+00
3.355814480779443887e+00
3.353288168202458230e+00
3.346882577342092713e+00
3.336624111535381410e+00
3.322577469793247307e+00
3.304863787918917328e+00
3.283679333591259741e+00
3.259315110075183153e+00
3.232177765205874298e+00
3.202812184974860088e+00
3.171926044522222821e+00
3.140416356980290757e+00
3.109397654522946031e+00
3.080632702258937261e+00
3.056477575380684542e+00
3.040022764113539111e+00
3.025813963673235740e+00
3.015952721152872051e+00
3.009361886999680991e+00
3.005153828908959657e+00
3.002615950201408701e+00
3.001193397188324230e+00
3.000470190484801680e+00
3.000149536277147089e+00
3.000033749538756123e+00
3.000004015137657909e+00
3.000000091771009458e+00
3.000000000000000444e+00
0.000000000000000000e+00
4.390322567766323861e-03
1.675913766147369213e-02
3.710640728133630939e-02
6.543184399510122706e-02
1.017341651404305991e-01
1.460092381013376184e-01
1.982463137805837994e-01
2.584213220347573170e-01
3.264859850836443478e-01
4.023513015667211090e-01
4.858637808512034639e-01
5.767726872967874341e-01
6.733307640679664363e-01
7.693320840252684256e-01
8.474374137849914890e-01
9.337285936269853481e-01
1.011342905716335228e+00
1.080603282241747509e+00
1.141823565750811342e+00
1.195286821887672435e+00
1.241232983838001402e+00
1.279853662215323817e+00
1.311292299846692933e+00
1.335648176380387131e+00
1.352983054568406951e+00
1.363329515531412239e+00
1.366700260876426709e+00
1.364807288906823679e+00
1.356101991878069457e+00
1.340443211150124103e+00
1.317857435534261601e+00
1.288399019230636267e+00
1.252161352503271097e+00
1.209289446131151413e+00
1.159994721446381494e+00
1.104572935333375749e+00
1.043426257781061350e+00
9.770905313976975259e-01
9.062686468897213077e-01
8.321078927916782941e-01
7.597257913080466274e-01
6.908095904833480017e-01
6.255292563269652106e-01
5.640457878167131067e-01
5.065108198317731514e-01
4.530662491800263592e-01
4.038438846421097406e-01
3.589651218952769618e-01
3.185406441187936810e-01
2.826701490192471411e-01
2.514421029490137016e-01
2.249335227242827973e-01
2.032097856807353331e-01
1.863244684353346781e-01
1.743192147518841661e-01
1.672236328362304292e-01
1.650552223144123865e-01
1.671400956752011613e-01
1.742097386379428681e-01
1.862554360065133974e-01
2.032470798107688381e-01
2.251421997902760541e-01
2.518860695478437606e-01
2.834118433370167445e-01
3.196407231416271699e-01
3.604821556297996832e-01
4.058340584901207748e-01
4.555830755842538160e-01
5.096048602782514703e-01
5.677643862443806366e-01
6.299162849566208866e-01
6.959052090362747300e-01
7.655662205395104003e-01
8.387252032163232673e-01
9.129331821746149433e-01
9.835463358584515259e-01
1.049611692140991037e+00
1.110439658610908431e+00
1.165505111737747068e+00
1.214414450736702289e+00
1.256878720854506248e+00
1.292691857457605620e+00
1.321713016848577560e+00
1.343851978966650540e+00
1.359056699695980530e+00
1.367302230794013473e+00
1.368916984724268815e+00
1.364385442664707737e+00
1.352881987067805492e+00
1.334391951036380197e+00
1.308879649608227780e+00
1.276279211307733918e+00
1.236486450920425195e+00
1.189352530457828516e+00
1.134680387434454873e+00
1.072225167419495140e+00
1.001700187575584211e+00
9.227902836867616365e-01
8.351747454692339812e-01
7.400928071492017812e-01
6.430647355113241481e-01
5.611809803120275664e-01
4.714833387966967937e-01
3.892324256399151139e-01
3.146600442800269182e-01
2.479069097942770417e-01
1.890537900756270040e-01
1.381439453768662506e-01
9.519859578976408443e-02
6.022701414096642836e-02
3.323265925427154599e-02
1.421655791178000339e-02
3.178924716646935877e-03
0.000000000000000000e+00
1.570796326794896336e+00
1.570918959711997243e+00
1.571710156162454020e+00
1.573806479910864420e+00
1.577844494721825530e+00
1.584460764359933549e+00
1.594291852589787561e+00
1.607974323175982656e+00
1.626144739883116364e+00
1.649439666475786215e+00
1.678495666718589963e+00
1.713949304376122695e+00
1.756437143212981944e+00
1.805318036472318699e+00
1.854984703138985447e+00
1.895537404277083393e+00
1.937957139615253954e+00
1.973344023130712888e+00
2.002335469515886590e+00
2.025568893463201015e+00
2.043681709665083446e+00
2.057311332813960281e+00
2.067095177602257472e+00
2.073670658722402305e+00
2.077675190866820287e+00
2.079746188727938705e+00
2.080521066998183954e+00
2.080637240369981988e+00
2.080681936781128005e+00
2.081205724976294746e+00
2.082843671340036451e+00
2.086232339636949096e+00
2.092008293631630433e+00
2.100808097088677773e+00
2.113268313772687534e+00
2.130025507448256583e+00
2.151716241879983116e+00
2.178977080832463109e+00
2.212444588070293872e+00
2.252755327358072712e+00
-3.982926268243296430e+00
-3.933259601576628572e+00
-3.883592934909960714e+00
-3.833926268243292856e+00
-3.784259601576624998e+00
-3.734592934909957140e+00
-3.684926268243289282e+00
-3.635259601576621424e+00
-3.585592934909953566e+00
-3.535926268243287485e+00
-3.486259601576621847e+00
-3.436592934909956210e+00
-3.386926268243290572e+00
-3.337259601576624934e+00
-3.287592934909959297e+00
-3.237926268243293659e+00
-3.188259601576628022e+00
-3.138592934909962384e+00
-3.095829817942859385e+00
-3.045829817942860451e+00
-2.995829817942861517e+00
-2.945829817942862583e+00
-2.895829817942863649e+00
-2.845829817942864715e+00
-2.795829817942865780e+00
-2.745829817942866846e+00
-2.695829817942867912e+00
-2.645829817942868978e+00
-2.595829817942870044e+00
-2.545829817942870665e+00
-2.495829817942870843e+00
-2.445829817942870577e+00
-2.395829817942870754e+00
-2.345829817942870488e+00
-2.295829817942870665e+00
-2.248638805146015773e+00
-2.208805364782967740e+00
-2.175772604498542151e+00
-2.148903960528140811e+00
-2.127562869107167298e+00
-2.111112766471024305e+00
-2.098917088855114965e+00
-2.090339272494842415e+00
-2.084742753625608458e+00
-2.081490968482818005e+00
-2.079947353301871971e+00
-2.079475344318174379e+00
-2.079441121598784470e+00
-2.079280277697755697e+00
-2.078387213886910612e+00
-2.076125366401651906e+00
-2.071858171477383159e+00
-2.064949065349507062e+00
-2.054761484253426751e+00
-2.040658864424544916e+00
-2.022004642098264249e+00
-1.998162253509988107e+00
-1.968495134895118959e+00
-1.932366722489060606e+00
-1.889140452527214853e+00
4.443398908591554175e+00
4.493398908591553109e+00
-1.748832477635456240e+00
-1.707562513604932386e+00
-1.673220542405949862e+00
-1.645170000273911581e+00
-1.622774323444220235e+00
-1.605396948152279180e+00
-1.592401310633490663e+00
-1.583150847123258265e+00
-1.577008993856984675e+00
-1.573339187070073031e+00
-1.571504862997926022e+00
-1.570869457875946340e+00
-1.570796326794896558e+00
1.000000000000000056e-01
1.000000000000000056e-01
1.000000000000000056e-01
1.196881720430107432e-01
1.595806451612903354e-01
1.994731182795698721e-01
2.393655913978494643e-01
2.792580645161290009e-01
3.191505376344085931e-01
3.590430107526881298e-01
3.989354838709677220e-01
4.388279569892472587e-01
4.787204301075267954e-01
4.966666666666665897e-01
4.966666666666665897e-01
4.806829268292682200e-01
4.407371273712736293e-01
4.007913279132790940e-01
3.608455284552845033e-01
3.208997289972899125e-01
2.809539295392953218e-01
2.410081300813007865e-01
2.010623306233061958e-01
1.611165311653116050e-01
1.211707317073170698e-01
1.000000000000000056e-01
1.000000000000000056e-01
1.000000000000000056e-01
-1.000000000000000056e-01
-1.000000000000000056e-01
-1.077204301075268822e-01
-1.476129032258064466e-01
-1.875053763440860111e-01
-2.273978494623655477e-01
-2.672903225806451122e-01
-3.071827956989247044e-01
-3.470752688172042966e-01
-3.869677419354838332e-01
-4.268602150537633699e-01
-4.667526881720429621e-01
-4.966666666666665897e-01
-4.966666666666665897e-01
-4.966666666666665897e-01
-4.966666666666665897e-01
-4.966666666666665897e-01
-4.966666666666665897e-01
-4.966666666666665897e-01
-4.966666666666665897e-01
-4.966666666666665897e-01
-4.966666666666665897e-01
-4.966666666666665897e-01
-4.966666666666665897e-01
-4.966666666666665897e-01
-4.966666666666665897e-01
-4.966666666666665897e-01
-4.966666666666665897e-01
-4.966666666666665897e-01
-4.966666666666665897e-01
-5.000000000000000000e-01
-5.000000000000000000e-01
-5.000000000000000000e-01
-5.000000000000000000e-01
-5.000000000000000000e-01
-5.000000000000000000e-01
-5.000000000000000000e-01
-5.000000000000000000e-01
-5.000000000000000000e-01
-5.000000000000000000e-01
-5.000000000000000000e-01
-5.000000000000000000e-01
-5.000000000000000000e-01
-5.000000000000000000e-01
-5.000000000000000000e-01
-5.000000000000000000e-01
-5.000000000000000000e-01
-4.680752688172042930e-01
-4.281827956989247008e-01
-3.882903225806451641e-01
-3.483978494623656275e-01
-3.085053763440860353e-01
-2.686129032258064431e-01
-2.287204301075269064e-01
-1.888279569892473142e-01
-1.489354838709677775e-01
-1.090430107526881853e-01
-1.000000000000000056e-01
-1.000000000000000056e-01
1.000000000000000056e-01
1.000000000000000056e-01
1.000000000000000056e-01
1.236774193548386969e-01
1.635698924731182613e-01
2.034623655913978257e-01
2.433548387096773902e-01
2.832473118279569824e-01
3.231397849462365190e-01
3.630322580645161112e-01
4.029247311827956479e-01
4.428172043010752401e-01
4.827096774193547768e-01
5.000000000000000000e-01
5.000000000000000000e-01
4.760537634408602004e-01
4.361612903225806637e-01
3.962688172043010715e-01
3.563763440860214793e-01
3.164838709677419426e-01
2.765913978494624059e-01
2.366989247311828137e-01
1.968064516129032215e-01
1.569139784946236849e-01
1.170215053763441482e-01
1.000000000000000056e-01
1.000000000000000056e-01
1.000000000000000056e-01
0.000000000000000000e+00
3.990322580645161432e-02
7.979569892473117876e-02
1.196881720430107432e-01
1.595806451612903354e-01
1.994731182795698721e-01
2.393655913978494643e-01
2.792580645161290009e-01
3.191505376344085931e-01
3.590430107526881298e-01
3.989354838709677220e-01
4.388279569892472587e-01
4.787204301075267954e-01
5.000000000000000000e-01
5.000000000000000000e-01
4.840322580645161077e-01
4.441397849462365710e-01
4.042473118279569788e-01
3.643548387096774421e-01
3.244623655913978499e-01
2.845698924731183133e-01
2.446774193548387211e-01
2.047849462365591844e-01
1.648924731182795922e-01
1.250000000000000000e-01
8.510752688172046332e-02
4.521505376344092664e-02
5.322580645161334445e-03
-2.793548387096773944e-02
-6.782795698924730388e-02
-1.077204301075268822e-01
-1.476129032258064466e-01
-1.875053763440860111e-01
-2.273978494623655477e-01
-2.672903225806451122e-01
-3.071827956989247044e-01
-3.470752688172042966e-01
-3.869677419354838332e-01
-4.268602150537633699e-01
-4.667526881720429621e-01
-5.000000000000000000e-01
-5.000000000000000000e-01
-5.000000000000000000e-01
-5.000000000000000000e-01
-5.000000000000000000e-01
-5.000000000000000000e-01
-5.000000000000000000e-01
-5.000000000000000000e-01
-5.000000000000000000e-01
-5.000000000000000000e-01
-5.000000000000000000e-01
-5.000000000000000000e-01
-5.000000000000000000e-01
-5.000000000000000000e-01
-5.000000000000000000e-01
-5.000000000000000000e-01
-5.000000000000000000e-01
-5.000000000000000000e-01
-5.000000000000000000e-01
-5.000000000000000000e-01
-5.000000000000000000e-01
-5.000000000000000000e-01
-5.000000000000000000e-01
-5.000000000000000000e-01
-5.000000000000000000e-01
-5.000000000000000000e-01
-5.000000000000000000e-01
-5.000000000000000000e-01
-5.000000000000000000e-01
-5.000000000000000000e-01
-5.000000000000000000e-01
-5.000000000000000000e-01
-5.000000000000000000e-01
-5.000000000000000000e-01
-5.000000000000000000e-01
-4.680752688172042930e-01
-4.281827956989247008e-01
-3.882903225806451641e-01
-3.483978494623656275e-01
-3.085053763440860353e-01
-2.686129032258064431e-01
-2.287204301075269064e-01
-1.888279569892473142e-01
-1.489354838709677775e-01
-1.090430107526881853e-01
-6.915053763440864865e-02
-2.925806451612905645e-02
4.000000000000000083e-03
4.389247311827956799e-02
8.378494623655913243e-02
1.236774193548386969e-01
1.635698924731182613e-01
2.034623655913978257e-01
2.433548387096773902e-01
2.832473118279569824e-01
3.231397849462365190e-01
3.630322580645161112e-01
4.029247311827956479e-01
4.428172043010752401e-01
4.827096774193547768e-01
5.000000000000000000e-01
5.000000000000000000e-01
4.760537634408602004e-01
4.361612903225806637e-01
3.962688172043010715e-01
3.563763440860214793e-01
3.164838709677419426e-01
2.765913978494624059e-01
2.366989247311828137e-01
1.968064516129032215e-01
1.569139784946236849e-01
1.170215053763441482e-01
7.712903225806450047e-02
3.723655913978496379e-02
3.333333333333353063e-03
