-8.483392228359033045e-04
-5.859051306994738761e-04
5.477127320156202828e-05
8.686728847049482102e-04
1.719456196188218298e-03
2.548866836102989253e-03
3.366188633537635540e-03
4.166448724551289305e-03
4.974565998358522825e-03
5.763793396697119292e-03
6.590976624800740785e-03
7.398157294056013737e-03
8.201637671595698661e-03
8.970267300409777433e-03
9.762676042215413102e-03
1.052842561960741670e-02
1.128644467968833477e-02
1.203806836296330077e-02
1.276589756850396093e-02
1.351013454835930938e-02
1.426595312353109990e-02
1.505080895750630920e-02
1.578045890597033762e-02
1.654430308165800306e-02
1.737800120734454834e-02
1.810786062405890517e-02
1.890536277710726937e-02
1.970600497330702097e-02
2.050573153759543965e-02
2.132170541074067047e-02
2.211700404311265494e-02
2.294615320327761387e-02
2.375081313977465969e-02
2.454613412839497244e-02
2.530323597289577120e-02
2.608810367145579165e-02
2.686290402207214267e-02
2.765557417686344277e-02
2.846725485406526729e-02
2.926611822464016133e-02
3.007668129801908952e-02
3.087619535124148940e-02
3.167603374531652305e-02
3.245613546537525623e-02
3.323062473913898640e-02
3.401164070138543161e-02
3.477896430906095293e-02
3.562799079685578796e-02
3.646617750274604164e-02
3.726854501916208873e-02
3.804826242142037018e-02
3.878553213010469541e-02
3.955462758014617608e-02
4.032009788609716705e-02
4.110346819988387052e-02
4.187576280670131379e-02
4.269746820734951487e-02
4.351238720889734346e-02
4.434496697994488867e-02
4.520714289305716171e-02
4.591844419535532490e-02
4.658626412880166601e-02
4.759814403397401306e-02
4.934318874600796684e-02
5.139253829602308254e-02
5.266444047844795473e-02
5.199663987971202272e-02
4.826297723909248744e-02
4.101724264593478719e-02
2.962791375662250301e-02
1.539674477768482493e-02
-8.225602965140548038e-04
-1.594735683637919094e-02
9.966283207585973969e+00
9.888991613530517810e+00
9.749583793365790285e+00
9.609313015732791285e+00
9.465015110193146342e+00
9.321523347587367780e+00
9.179597474385133182e+00
9.040187056784095176e+00
8.899916243362053336e+00
8.764140096536252145e+00
8.622214286582371656e+00
8.482803911665451224e+00
8.342533072168420105e+00
8.206756807060386905e+00
8.064830797385512895e+00
7.925420186035570858e+00
7.785149088124902583e+00
7.644355773130607545e+00
7.507446351707336873e+00
7.368035619969382388e+00
7.227764510898293082e+00
7.083466224135149147e+00
6.950061974057389236e+00
6.810651353645167383e+00
6.658637498366069885e+00
6.526082088415034121e+00
6.382590140983944949e+00
6.240664177550554470e+00
6.101253758011718986e+00
5.960982987420683443e+00
5.825206870977401863e+00
5.683281065709147484e+00
5.543870669861449052e+00
5.403599778037317947e+00
5.267823444126763732e+00
5.125897390649953422e+00
4.986486830078563415e+00
4.846215926867262880e+00
4.705422949960430756e+00
4.568513928255852008e+00
4.429103569579345034e+00
4.288832706197059252e+00
4.144534505568998384e+00
4.001042464745539817e+00
3.859116359299234134e+00
3.719705837313339813e+00
3.587150639815933406e+00
3.443658983914290150e+00
3.301733230643729922e+00
3.162322822224891361e+00
3.022051844739032767e+00
2.886275401498537008e+00
2.744349262147473212e+00
2.604938652918000752e+00
2.464667702934162374e+00
2.328891461241463290e+00
2.186965622566201084e+00
2.047555296034052397e+00
1.907284629298695355e+00
1.762986788746930600e+00
1.629582448088426672e+00
1.490171342144082756e+00
1.349901970105816584e+00
1.205612233801250488e+00
1.062132721389511314e+00
9.202107704869872951e-01
7.808015658077316345e-01
6.405820021614763160e-01
5.050013121126966098e-01
3.635348174864698745e-01
2.248522610647031850e-01
8.552050301699133661e-02
-3.841884086344773269e-02
1.573986290469501892e+00
1.574523444259874561e+00
1.576209633100906338e+00
1.576760906686185848e+00
1.576611098958843105e+00
1.576562006182393727e+00
1.576544344726764635e+00
1.576537049384697742e+00
1.576584316945580877e+00
1.576626663462065148e+00
1.576612177632941592e+00
1.576556787517370495e+00
1.576491246425399062e+00
1.576421524494504567e+00
1.576335286142775294e+00
1.576242834820063443e+00
1.576161573675255667e+00
1.576115448895841542e+00
1.576116976372630152e+00
1.576157204450624238e+00
1.576211837398419302e+00
1.576255148184777521e+00
1.576272886103647686e+00
1.576276847055112285e+00
1.576287792659031517e+00
1.576321776869524793e+00
1.576391846671478802e+00
1.576485474899295358e+00
1.576577680858192387e+00
1.576642204447009199e+00
1.576656034457226241e+00
1.576610998246456674e+00
1.576519719246642470e+00
1.576413701397168188e+00
1.576338910394872617e+00
1.576327186130399127e+00
1.576392250083082924e+00
1.576506106457437051e+00
1.576609047851365908e+00
1.576637944034188887e+00
1.576566385444348573e+00
1.576418261214268979e+00
1.576269129886247233e+00
1.576219001470481995e+00
1.576309996127480684e+00
1.576495355670782361e+00
1.576665121270188985e+00
1.576735026740910151e+00
1.576644073888056941e+00
1.576451105686214493e+00
1.576271189729891775e+00
1.576201808069633170e+00
1.576243462858313293e+00
1.576333036783437613e+00
1.576430693856901488e+00
1.576539086661244093e+00
1.576621198516614086e+00
1.576668559540681747e+00
1.576804685477269707e+00
1.576592052849818515e+00
1.575626774417632658e+00
1.576113669762509550e+00
1.580383580192454396e+00
1.584941298223552675e+00
1.583851186168644398e+00
1.574236680998711613e+00
1.556392738633620487e+00
1.531012313682403869e+00
1.503779024437695178e+00
1.478119488315459362e+00
1.460348482633051281e+00
1.450867660476128362e+00
1.448558517706266535e+00
0.000000000000000000e+00
-6.998297706853839895e-01
-6.999999978603488326e-01
-6.999999952120622426e-01
-6.999972138733068228e-01
-6.999999896313566783e-01
-6.999999970621815226e-01
-6.999999978776361154e-01
-6.999999952084954291e-01
-6.999999896282043110e-01
-6.999999970628932866e-01
-6.999999978777127208e-01
-6.999999952088518107e-01
-6.999999896272628419e-01
-6.999999970627563961e-01
-6.999999978776199061e-01
-6.999999952088375998e-01
-6.999973262871760360e-01
-6.999999970626971102e-01
-6.999999978775950371e-01
-6.999999952088487021e-01
-6.999972898532609289e-01
-6.999999970626171741e-01
-6.999999978775954812e-01
-6.999999978775888199e-01
-6.999972906409025475e-01
-6.999999896281263734e-01
-6.999999970627395207e-01
-6.999999978776384468e-01
-6.999999952087725408e-01
-6.999999896268089827e-01
-6.999999970628872914e-01
-6.999999978776998422e-01
-6.999999952088464816e-01
-6.999999896270939770e-01
-6.999999970629602331e-01
-6.999999978777169396e-01
-6.999999952087994082e-01
-6.999974144289682343e-01
-6.999999970629022794e-01
-6.999999978776543230e-01
-6.999999952088300503e-01
-6.999973283927447554e-01
-6.999999896286991374e-01
-6.999999970625776502e-01
-6.999999978775550691e-01
-6.999972490671747538e-01
-6.999999896283199963e-01
-6.999999970625117029e-01
-6.999999978775253151e-01
-6.999999952088795663e-01
-6.999999896291735357e-01
-6.999999970623860257e-01
-6.999999978775056642e-01
-6.999999952089084321e-01
-6.999999896297151025e-01
-6.999999970621999523e-01
-6.999999978774456011e-01
-6.999999952089221988e-01
-6.999971689030606292e-01
-6.999999970623091983e-01
-6.999999978770049536e-01
-6.999999952147928362e-01
-6.999990688762569579e-01
-6.999999896226405394e-01
-6.999999970585696341e-01
-6.999999978728883576e-01
-6.999999951671553866e-01
-6.999999895720110388e-01
-6.999999970511012748e-01
-6.999999978411457491e-01
-6.999999880997377355e-01
-3.283787039450147272e-01
0.000000000000000000e+00
-1.116097085358064116e-02
-9.270535309892195125e-03
1.558760726958677680e-04
8.796069038293273610e-04
5.825976660869923581e-05
1.831551740007055851e-04
-1.556281121945865965e-04
-4.256044079641930263e-04
-1.272330300548426272e-04
2.993034165252666471e-04
4.532212359120309751e-04
4.807399191546796072e-04
5.565786923006149026e-04
6.523301697805723156e-04
6.499455349613280286e-04
4.789795553553515862e-04
1.593437238474634636e-04
-1.713640098369720516e-04
-3.740192699225875481e-04
-3.710166037366256341e-04
-2.140499310921810134e-04
-6.257707933767264242e-05
-2.003642323282020543e-05
-1.523961954544604601e-04
-3.688631176344277880e-04
-5.958469919464475352e-04
-6.939771401792619969e-04
-5.940013674931678752e-04
-2.979112262519057613e-04
1.044950208818449405e-04
5.157907478697145278e-04
7.541671076930251023e-04
7.028459710088001775e-04
3.543059617112460837e-04
-2.037440249815740260e-04
-6.956625034220769149e-04
-8.528807465535574511e-04
-5.288965028414114667e-04
1.424904190190046875e-04
8.523370194460672556e-04
1.161390562152008529e-03
7.853105165389619950e-04
-1.439571060611261402e-04
-1.086910771133142110e-03
-1.440287338744110400e-03
-9.985560034096738549e-04
8.256805621312173567e-05
1.133163447246978567e-03
1.485174105372100498e-03
9.550381608628508850e-04
6.479536773928641538e-05
-5.577816662346697868e-04
-6.729177459186622134e-04
-7.487074172945811998e-04
-7.862360018131800844e-04
-3.285032857583515065e-04
-6.039230663397738685e-04
-8.703511388373419075e-04
5.050087121275073296e-03
6.374310386547486079e-03
-1.774168931811940381e-02
-3.762570484587873798e-02
-1.850604752457282037e-02
3.731707161979770648e-02
9.811547274207089997e-02
1.578219869906471728e-01
1.973995319967166429e-01
1.974733321262103769e-01
1.573174559636821568e-01
9.760693471625817019e-02
3.783063570081687810e-02
3.296599577914205957e-03
