-6.809614782040206322e-03
-1.834030541492143174e-02
-3.886711569124069038e-02
-6.178602912814804005e-02
-8.639189486730947110e-02
-1.131339624619766698e-01
-1.464767172027139353e-01
-1.864932202872881528e-01
-2.330228186986907923e-01
-2.885316292808798866e-01
-3.521837190372992255e-01
-4.219051882139109866e-01
-5.014672219023108557e-01
-5.967841653193570739e-01
-6.980085749231821346e-01
-8.069019128492280757e-01
-9.273194512182989513e-01
-1.048064431847112177e+00
-1.166274367770634868e+00
-1.295752104636385571e+00
-1.429757178506091186e+00
-1.563473556574674905e+00
-1.700562208473123782e+00
-1.836336673414409315e+00
-1.966329466536373305e+00
-2.097364751396015414e+00
-2.237175050954697930e+00
-2.371365017207839099e+00
-2.504572678720331957e+00
-2.642705327333147558e+00
-2.774687922111760408e+00
-2.899663842034442940e+00
-3.033360649280985477e+00
-3.169301350190683486e+00
-3.303133944880790818e+00
-3.439050780976367072e+00
-3.572862997743272651e+00
-3.700565763905027783e+00
-3.829170037119238312e+00
-3.961218630507617355e+00
-4.098869137912805272e+00
-4.230918440956987325e+00
-4.368745344818108833e+00
-4.490225928161823532e+00
-4.626086380337428139e+00
-4.759229743546355529e+00
-4.893639418981264200e+00
-5.025210288945206827e+00
-5.150381685847898794e+00
-5.276436643925999093e+00
-5.415211429075440286e+00
-5.542488313496948038e+00
-5.674306167804630263e+00
-5.813245789375442563e+00
-5.948083212325509628e+00
-6.090319878011177579e+00
-6.216878972890627963e+00
-6.359676444727687006e+00
-6.500664911104646393e+00
-6.643347516798566943e+00
-6.782123575566439300e+00
-6.911862992326045507e+00
-7.038772028877402498e+00
-7.169057175573691154e+00
-7.288255164783738138e+00
-7.400031270433126807e+00
-7.507895909215671182e+00
-7.602140850134770922e+00
-7.682391848655717226e+00
-7.757697624162621430e+00
-7.822526216277057465e+00
-7.874875048844699243e+00
-7.917094072768181334e+00
-7.948774822450019428e+00
-7.970823210769087730e+00
-7.985906000784732228e+00
-7.995310093243475080e+00
-7.998950859865528784e+00
-7.998514899427877189e+00
-7.999180815503828867e+00
-7.999928232347945034e+00
-7.999999985435428229e+00
-1.214185507170467693e-02
-9.112545594865853471e-02
-2.288374157077968374e-01
-3.721029774258790002e-01
-5.090187475934353500e-01
-6.381393502304903986e-01
-7.750987191801720355e-01
-9.125861805894139867e-01
-1.045670594225343697e+00
-1.177679602681372284e+00
-1.303470732739556714e+00
-1.418534029260611451e+00
-1.528194586704556546e+00
-1.637101146122469597e+00
-1.732970147060718169e+00
-1.819558483153781214e+00
-1.900448104854382203e+00
-1.969590866342931346e+00
-2.028121711615678002e+00
-2.083957316923502390e+00
-2.134517890780253335e+00
-2.179274524515126821e+00
-2.220764780310904740e+00
-2.258833719097155246e+00
-2.293652482791298297e+00
-2.328255220337610787e+00
-2.365867078491630693e+00
-2.403832771373944244e+00
-2.444066958540354939e+00
-2.488443505125534028e+00
-2.532535558863602709e+00
-2.574748733472815410e+00
-2.619567905110957273e+00
-2.664676901324042557e+00
-2.709088552346564427e+00
-2.754268900550540522e+00
-2.798741171528471128e+00
-2.841190677791471941e+00
-2.883947602704457491e+00
-2.927840648710354987e+00
-2.973694017024937075e+00
-3.017586680035276636e+00
-3.062908224300013416e+00
-3.102713679564987892e+00
-3.148065785501716896e+00
-3.194502610695798772e+00
-3.243987429612335660e+00
-3.294712773817750850e+00
-3.344137426925734236e+00
-3.393918382089259556e+00
-3.447377885018882537e+00
-3.493943870634763638e+00
-3.538527318510180653e+00
-3.580304638006376106e+00
-3.614675023850315583e+00
-3.643247723765460577e+00
-3.661220757391458580e+00
-3.672124386821813857e+00
-3.672095778204921501e+00
-3.659920105256612821e+00
-3.635086711358847200e+00
-3.599417659621038545e+00
-3.551917181927104483e+00
-3.488830623743224724e+00
-3.416481099781325970e+00
-3.333639865355044307e+00
-3.236659604845434579e+00
-3.134326328778427317e+00
-3.029668095740743361e+00
-2.910493768690710858e+00
-2.782817301669760823e+00
-2.651923285610876313e+00
-2.515101931785925338e+00
-2.377747699790814018e+00
-2.245042476893623018e+00
-2.110405182134380553e+00
-1.965957605123205498e+00
-1.826522593469932954e+00
-1.690137554627439531e+00
-1.741887344398093784e+00
-1.881140780556189496e+00
-1.995224678678133579e+00
1.426118801708327277e+00
1.425312232483404440e+00
1.419047634381555678e+00
1.403804047300264646e+00
1.380732477637012456e+00
1.351198798346812557e+00
1.311391308862440708e+00
1.262247495731476654e+00
1.205281772848915578e+00
1.138716056694354162e+00
1.064610817715277102e+00
9.859715102300649070e-01
8.995609389581296078e-01
8.037783384208356807e-01
7.137724780870160490e-01
6.310374995386989205e-01
5.536023852082238017e-01
4.877733131511939879e-01
4.330193538281038590e-01
3.827107559408073900e-01
3.403019013036878704e-01
3.071182996986082658e-01
2.821053479283759380e-01
2.660496179444695741e-01
2.586412278446205137e-01
2.590236171338934357e-01
2.680920606130244854e-01
2.841464165403029263e-01
3.024704760923775382e-01
3.181024023684559388e-01
3.253667284163927476e-01
3.251900427917159275e-01
3.215939126587857855e-01
3.199264215650837739e-01
3.209132726147300163e-01
3.208303404311101947e-01
3.209005877522055350e-01
3.209384384283011094e-01
3.209683031197334557e-01
3.210550876115217389e-01
3.218197862008097543e-01
3.194354218626576092e-01
3.163553803173647649e-01
3.179722773337575470e-01
3.278314738860531041e-01
3.439519796163442167e-01
3.612487163443626192e-01
3.734461684740245646e-01
3.773983696766859963e-01
3.735319724024914745e-01
3.602744294456498575e-01
3.399413740954990715e-01
3.109138493003597015e-01
2.718226330876211128e-01
2.258941534689424824e-01
1.691825334433970096e-01
1.117683640148095514e-01
3.914624198358809121e-02
-4.091929749600248245e-02
-1.306614560643017675e-01
-2.237329592816834078e-01
-3.130564296316961648e-01
-4.030118704003749497e-01
-4.991156519719761042e-01
-5.916934464515155589e-01
-6.840742219011528569e-01
-7.804021138125465384e-01
-8.728002408184596383e-01
-9.604010876477979686e-01
-1.054033709305421729e+00
-1.147191521839068251e+00
-1.232043026383190742e+00
-1.309531218792754581e+00
-1.377230163360740223e+00
-1.433907901348098868e+00
-1.483130656241158363e+00
-1.527050402788155736e+00
-1.560851919998647919e+00
-1.585852197843409694e+00
-1.581089928157503266e+00
-1.572596679935254649e+00
-1.570803032950663258e+00
0.000000000000000000e+00
-6.999492879747056806e-01
-6.994896806362568276e-01
-6.991717732628843773e-01
-6.990569947170082177e-01
-6.990678348830686728e-01
-6.991455865394019531e-01
-6.992390005594012470e-01
-6.993006206216566545e-01
-6.993182745664210387e-01
-6.993091410122183049e-01
-6.993004693585604947e-01
-6.993059865655300023e-01
-6.993267319419014250e-01
-6.993506062582945937e-01
-6.993675984665890244e-01
-6.993731535857952153e-01
-6.993680098629388997e-01
-6.993576300274279012e-01
-6.993448238457661281e-01
-6.993330526434062833e-01
-6.993241977586096558e-01
-6.993181184108392401e-01
-6.993138888349013094e-01
-6.993102748111142963e-01
-6.993072999390175237e-01
-6.993057232796908718e-01
-6.993059277797060158e-01
-6.993065767866575300e-01
-6.993064965425785928e-01
-6.993048778043735592e-01
-6.993030517894673892e-01
-6.993018171682002793e-01
-6.993014653037303852e-01
-6.993011316648163334e-01
-6.993003016314571774e-01
-6.993001957073514685e-01
-6.993007901991817876e-01
-6.993020410916974683e-01
-6.993032285122970926e-01
-6.993050447670507985e-01
-6.993059115541139237e-01
-6.993063445891518626e-01
-6.993070732397665967e-01
-6.993079483113922024e-01
-6.993097070823781625e-01
-6.993117619500894833e-01
-6.993138390838282703e-01
-6.993157510141061461e-01
-6.993179180684356844e-01
-6.993220869064169509e-01
-6.993278496060293392e-01
-6.993350533613426068e-01
-6.993433759893078472e-01
-6.993525945415923761e-01
-6.993633393432336920e-01
-6.993732390836293611e-01
-6.993846104742873493e-01
-6.993967599251783573e-01
-6.994108712301725372e-01
-6.994263372255269395e-01
-6.994406549770664228e-01
-6.994511996762249328e-01
-6.994531272808872657e-01
-6.994427868386000613e-01
-6.994221455822352551e-01
-6.993984697965660580e-01
-6.993848529835737793e-01
-6.993842688080242898e-01
-6.993860215991132279e-01
-6.993664874586815738e-01
-6.993116132193193391e-01
-6.992335809269056845e-01
-6.991638776335074024e-01
-6.991271427205012490e-01
-6.991585003133935494e-01
-6.993212624671800715e-01
-6.996200341075282658e-01
-5.456517584085973649e-01
6.999411254053803377e-01
6.998939501104692873e-01
2.137114286240258121e-01
0.000000000000000000e+00
1.959439869374347137e-02
7.393234427604394865e-02
1.360973685668864785e-01
1.957009836739945219e-01
2.521856573232221232e-01
3.125402879342203954e-01
3.738231536658164211e-01
4.341397755888353194e-01
4.953718272929109601e-01
5.556463370226694121e-01
6.131879631929799679e-01
6.557909132781225559e-01
6.602178293229179484e-01
6.240001114605819854e-01
5.647230589368500420e-01
5.027064156868832345e-01
4.432437437851505235e-01
3.868878664552655722e-01
3.266496271619815928e-01
2.654617098248334139e-01
2.052143711079402189e-01
1.440091654068061389e-01
8.374839920702997764e-02
2.622564782419872093e-02
-3.173070043635951853e-02
-9.360398821746646059e-02
-1.299471283128692534e-01
-1.268401399898066162e-01
-8.187450490472644726e-02
-2.242980324849622176e-02
1.932402850487070778e-02
2.492378817826342366e-02
-3.232376123711295894e-03
-4.148056914766898307e-03
3.274452384870678691e-04
-2.932500361600063579e-04
-4.458280998353722838e-04
1.368733462970520877e-03
-6.509442707298288347e-03
3.026092156746440238e-03
2.597619414830740908e-02
9.355326159847741560e-03
-3.850765963946710391e-02
-9.751592211984597136e-02
-1.243589966724025220e-01
-1.101926157308008858e-01
-5.810753431190207596e-02
-5.192309122642722354e-04
5.742756452424194191e-02
1.209936858142869331e-01
1.789128824277162466e-01
2.383753408988327771e-01
3.003642814794292848e-01
3.598114986202244348e-01
4.217909650084598061e-01
4.764016653583197369e-01
5.375885715222088468e-01
5.978473697201905912e-01
6.500440986546971445e-01
6.636092410532080654e-01
6.636142739261071677e-01
6.636222391490914640e-01
6.636720468220225211e-01
6.637275156290560751e-01
6.637905400564063640e-01
6.638765851851098354e-01
6.639685295540953547e-01
6.640397585055608509e-01
6.626658888477411358e-01
6.310172671893619079e-01
5.716446702037983885e-01
5.103698444297755099e-01
4.500118305323759227e-01
3.923845098444082025e-01
3.343277835202971282e-01
2.722895983240125606e-01
2.125205480844421513e-01
1.528744405604368917e-01
9.068077095208859628e-02
3.212285812599286611e-02
2.139435386220094829e-03
