-6.985049007661514561e-06
-5.809654721760357772e-06
-6.547662985789819991e-06
1.189917733668165769e-05
1.516709635792359769e-04
6.975706477388436862e-04
2.068028377232675186e-03
4.998618969674322420e-03
1.082760358019398475e-02
2.101081869807260721e-02
3.758259249100803778e-02
6.182043897893180900e-02
9.719528086407588918e-02
1.415617218178530368e-01
1.969555677630506763e-01
2.553596455654514319e-01
3.166736939759675629e-01
3.729877916836327190e-01
4.269994558798839712e-01
4.755635592127828160e-01
5.181121832057389298e-01
5.667239275331201753e-01
6.183721008615338244e-01
6.770388123789004009e-01
7.358053742976726763e-01
7.969635385374966852e-01
8.515515021473629709e-01
8.978657030256195215e-01
9.340468263373192803e-01
9.604817660735708307e-01
9.773370450818055222e-01
9.879029528593614717e-01
9.943364230448440422e-01
9.975840227700275564e-01
9.991791902811215653e-01
9.997900457573021260e-01
9.999712755591045887e-01
9.999991233552543157e-01
9.999998008607144939e-01
9.999999999939439554e-01
3.027698168536354468e-04
-3.572987743199811279e-03
1.064802669129387831e-04
1.618517846129750165e-02
4.322722203767449117e-02
8.388479377916099877e-02
1.342912757734669449e-01
1.960517049808767065e-01
2.722115109610014905e-01
3.597671648313572890e-01
4.583819874713257470e-01
5.642566596721032557e-01
6.850389764161558537e-01
8.092470898321404427e-01
9.413795241037923311e-01
1.064323307776837702e+00
1.182023450647447405e+00
1.283418713990798210e+00
1.376812768329033432e+00
1.458936757725514344e+00
1.530371603874991493e+00
1.612440803311525395e+00
1.701382624343517280e+00
1.806350367671639701e+00
1.918092793824333064e+00
2.045173981294246879e+00
2.173233873997851617e+00
2.300039222695915875e+00
2.420232455172331321e+00
2.532214224234329958e+00
2.629056092923126364e+00
2.715309122827386012e+00
2.794000252926486461e+00
2.857441787968300062e+00
2.911378317793827275e+00
2.952315441693210474e+00
2.981940324914967189e+00
2.998646735227736393e+00
3.003900140503395377e+00
3.000052256141424678e+00
1.571049206332568504e+00
1.571179320309500804e+00
1.570797060681365043e+00
1.568344490221236454e+00
1.562652794680600588e+00
1.551676809271512303e+00
1.535067181142473647e+00
1.511098424083805902e+00
1.476940696169160461e+00
1.432189777800785047e+00
1.375695685049085570e+00
1.316857904359329812e+00
1.256211048587252854e+00
1.200532285674147381e+00
1.148575847661147620e+00
1.107367043191553879e+00
1.075049286119449388e+00
1.053725926121423573e+00
1.040299261852337231e+00
1.034181562824267209e+00
1.033830735002285728e+00
1.039216588559123799e+00
1.051167539061044209e+00
1.072349948470724179e+00
1.102148357321256267e+00
1.143806326793253447e+00
1.193291092043229362e+00
1.249258465122876860e+00
1.308785608826785518e+00
1.370332425727522452e+00
1.426114222070509197e+00
1.470856447588209548e+00
1.506789888269192357e+00
1.531898505716961623e+00
1.550025039592338061e+00
1.561324500438963980e+00
1.567732994323508322e+00
1.570368354222613672e+00
1.570929150764147852e+00
1.570796540303711630e+00
0.000000000000000000e+00
-1.041242893977044684e-02
4.803333510530070904e-02
1.091228733057027500e-01
1.674784044931340032e-01
2.287225209973472451e-01
2.870571046212360700e-01
3.453862542563548299e-01
4.060319487723589305e-01
4.663117501373279516e-01
5.264018004726251920e-01
5.847183727913372042e-01
6.457642904044711418e-01
6.981383891086936355e-01
6.980749999819360063e-01
6.831441188227999062e-01
6.223836234251085564e-01
5.639870636267816373e-01
5.036303391859665579e-01
4.434314167302821907e-01
4.356127167734915040e-01
4.967977036376873268e-01
5.552096004614790470e-01
6.165101846590048673e-01
6.749302650127733116e-01
6.981756344195400033e-01
6.982423000615887165e-01
6.531611237705682305e-01
5.930013872698219890e-01
5.319534893056367952e-01
4.736209869260776806e-01
4.152901227981066201e-01
3.540568621653221171e-01
2.957230159444153017e-01
2.350633567180287764e-01
1.755659903386106169e-01
1.146277278343151018e-01
5.624871994384892521e-02
-4.895759496773521152e-03
-5.371866102078319202e-03
0.000000000000000000e+00
-5.940041520309721074e-02
-1.179266400549884020e-01
-1.791492784117575399e-01
-2.376475526535629101e-01
-2.990419364521994527e-01
-3.575124986913534864e-01
-4.159699441707450651e-01
-4.767471723525947835e-01
-5.371686924201333202e-01
-5.714135888359340720e-01
-5.129039394884125080e-01
-4.517315354434918717e-01
-3.932767689748506434e-01
-3.319065266091804633e-01
-2.734305719051547401e-01
-2.126120952502648653e-01
-1.541117174018387381e-01
-9.363614035967035565e-02
-3.334241459492704590e-02
2.517102490411848165e-02
8.639583931049898968e-02
1.449056451701249970e-01
2.063198271864895572e-01
2.648145773080250454e-01
3.256258207943902305e-01
3.852533971994972495e-01
4.445246432450717933e-01
5.047735883316738503e-01
5.659940797271606483e-01
5.434416877654959510e-01
4.849571775503029869e-01
4.235929001774297320e-01
3.651406779539906333e-01
3.043529433181044186e-01
2.447224279578234518e-01
1.836460630508350844e-01
1.251461678114740850e-01
6.391649208126747028e-02
5.370902873616641149e-03
