-1.704329311229570501e-02
-7.585595142850542691e-03
9.024690818210747562e-03
2.429436971333842968e-02
3.724802373787013121e-02
4.581244836446875246e-02
5.096938043417786890e-02
5.271421097962324803e-02
5.202702880625931225e-02
5.026812079479892059e-02
4.837800877477156647e-02
4.710576306250360834e-02
4.638460600845546733e-02
4.573193721503331088e-02
4.492312602143699873e-02
4.405956263588151761e-02
4.331763088533421846e-02
4.250902699378979188e-02
4.171520627847712798e-02
4.093715685856991193e-02
4.019370592928642183e-02
3.938501136621454235e-02
3.858216876700158726e-02
3.779261152674731616e-02
3.704320054983457899e-02
3.623424663865931761e-02
3.543600919150585032e-02
3.465309990734564971e-02
3.386552097088231517e-02
3.310208419839432564e-02
3.230227205232157756e-02
3.151540284549513016e-02
3.072362027164524459e-02
2.995804005059057862e-02
2.915902388828015002e-02
2.837530268558070834e-02
2.758746923042549454e-02
2.682495654017898537e-02
2.602720304361544335e-02
2.524224999908388292e-02
2.445093201368564798e-02
2.368392205800621403e-02
2.288197738894792721e-02
2.209507701562886742e-02
2.130488339182953772e-02
2.054159013355637275e-02
1.974474161393927757e-02
1.896190905314256228e-02
1.817306462791335592e-02
1.740789203437849431e-02
1.660660610683228899e-02
1.581876963386860332e-02
1.502606649546200934e-02
1.425934565632447359e-02
1.345909246484964725e-02
1.267463588941528455e-02
1.188682228587659498e-02
1.109691049777242373e-02
1.032905589544299771e-02
9.546930703460326795e-03
8.758450247858644289e-03
7.964227131034232882e-03
7.189589265491801856e-03
6.399494848568353100e-03
5.605104745189888604e-03
4.812842215853257478e-03
4.044976893999473883e-03
3.257886489342035410e-03
2.477490700389607583e-03
1.669549908787382794e-03
8.594617195724592925e-04
1.971728904575408893e-04
2.167454685929152206e-06
-4.733894239875199861e-02
2.980805722215785700e-02
1.686918756715379275e-01
3.085996009247627403e-01
4.527959996797624731e-01
5.863677869818735289e-01
7.261448204378556648e-01
8.668711128948541900e-01
1.011648924332944510e+00
1.145487332532915792e+00
1.285351024827743105e+00
1.426084916950732140e+00
1.570863570257153174e+00
1.704712032224058538e+00
1.844586210486105937e+00
1.997105639307739544e+00
2.130101987741303660e+00
2.274071257209957508e+00
2.416469442021726532e+00
2.556343796933973955e+00
2.689340137447503221e+00
2.833309406668413910e+00
2.975707540905851101e+00
3.115581831130486812e+00
3.248578137862653481e+00
3.392547405169942465e+00
3.534945564830197284e+00
3.674819892040993352e+00
3.815557499557488796e+00
3.951785506968767070e+00
4.094183657684473232e+00
4.234057962428279254e+00
4.374795545820729714e+00
4.511023540365410867e+00
4.653421694460240232e+00
4.793296015850254221e+00
4.934033620698730971e+00
5.070261632246383598e+00
5.212659793717206114e+00
5.352534108849252625e+00
5.493271694967658547e+00
5.629499682088670909e+00
5.771897820859173578e+00
5.911772125879419804e+00
6.052509719167913360e+00
6.188737727956363344e+00
6.331135895986666817e+00
6.471010224109416065e+00
6.611747824736288415e+00
6.747975822254272060e+00
6.890373964232384907e+00
7.030248262985018926e+00
7.170985840755928820e+00
7.307213828694411717e+00
7.449611975897642679e+00
7.589486293376591419e+00
7.730223898571786378e+00
7.871485398643357279e+00
8.008850085730944812e+00
8.148724416529997683e+00
8.289462018189105663e+00
8.430723494151116881e+00
8.568088143068941065e+00
8.707962428872416893e+00
8.848699997022281494e+00
8.989961483697292977e+00
9.127326170385380522e+00
9.267200472902196395e+00
9.407938119005544664e+00
9.552716343512022590e+00
9.686563952700216973e+00
9.826438848269383186e+00
9.966259376450324226e+00
1.448540221848483522e+00
1.449304775726614647e+00
1.455515417604277939e+00
1.470081841288185309e+00
1.493674277409116957e+00
1.520130708093244909e+00
1.547139294293322198e+00
1.568308310611426393e+00
1.581293097069210063e+00
1.585296489421306632e+00
1.582469088422369552e+00
1.577278013561102865e+00
1.575170681815647455e+00
1.576289702559907413e+00
1.576614505857012016e+00
1.576357579167153133e+00
1.576406872985099739e+00
1.576397226212903124e+00
1.576353652825514429e+00
1.576371009951286428e+00
1.576400581636463460e+00
1.576425256659110818e+00
1.576440874361006328e+00
1.576438002229382240e+00
1.576423341420075452e+00
1.576407784940193846e+00
1.576396818363574148e+00
1.576391377748096900e+00
1.576395045063781364e+00
1.576406514336136766e+00
1.576418708844829597e+00
1.576423417580732789e+00
1.576419866587907892e+00
1.576411966836142708e+00
1.576402999153141193e+00
1.576396101223302315e+00
1.576392999639868897e+00
1.576395098472050282e+00
1.576402807368603609e+00
1.576413646327354812e+00
1.576423660447234809e+00
1.576428506454886413e+00
1.576426134003863222e+00
1.576417038382137203e+00
1.576404690574484402e+00
1.576394700268549887e+00
1.576391116405923443e+00
1.576396114272855531e+00
1.576407190863166274e+00
1.576418765489304707e+00
1.576427012429487906e+00
1.576429543700143210e+00
1.576427254224637808e+00
1.576421056650894270e+00
1.576410555305050032e+00
1.576398723961300874e+00
1.576390191964723186e+00
1.576386685229026696e+00
1.576386093036180380e+00
1.576391311980287480e+00
1.576408012157645144e+00
1.576428581197431456e+00
1.576441193596961110e+00
1.576446923591908966e+00
1.576427800594089934e+00
1.576383563049880587e+00
1.576404337885510154e+00
1.576416482362486882e+00
1.576266362938496979e+00
1.576639524291563843e+00
1.576751051425187677e+00
1.573863268811092730e+00
1.570964670556364018e+00
0.000000000000000000e+00
6.999999485892169915e-01
6.999999999999999556e-01
6.999999999999999556e-01
6.999999939059706744e-01
6.999999999999999556e-01
6.999999999999999556e-01
6.999999999999999556e-01
6.999999939663543724e-01
6.999999999999999556e-01
6.999999999999999556e-01
6.999999999999999556e-01
6.999999939692653772e-01
6.999999999999999556e-01
6.999999999999999556e-01
6.999999999999999556e-01
6.999999939694470097e-01
6.999999991533794041e-01
6.999999999999999556e-01
6.999999999999999556e-01
6.999999939694465656e-01
6.999999991533794041e-01
6.999999999999999556e-01
6.999999999999999556e-01
6.999999939694465656e-01
6.999999991533794041e-01
6.999999999999999556e-01
6.999999999999999556e-01
6.999999999999999556e-01
6.999999991533795152e-01
6.999999999999999556e-01
6.999999999999999556e-01
6.999999999999999556e-01
6.999999991533762955e-01
6.999999999999999556e-01
6.999999999999999556e-01
6.999999999999999556e-01
6.999999991533759625e-01
6.999999999999999556e-01
6.999999999999999556e-01
6.999999999999999556e-01
6.999999991533795152e-01
6.999999999999999556e-01
6.999999999999999556e-01
6.999999999999999556e-01
6.999999991533789601e-01
6.999999999999999556e-01
6.999999999999999556e-01
6.999999999999999556e-01
6.999999991533796262e-01
6.999999999999999556e-01
6.999999999999999556e-01
6.999999999999999556e-01
6.999999991533795152e-01
6.999999999999999556e-01
6.999999999999999556e-01
6.999999999999999556e-01
6.999999931228262362e-01
6.999999999999999556e-01
6.999999999999999556e-01
6.999999999999999556e-01
6.999999931228262362e-01
6.999999999999999556e-01
6.999999999999999556e-01
6.999999999999999556e-01
6.999999931228262362e-01
6.999999999999999556e-01
6.999999999999999556e-01
6.999999999999999556e-01
6.999999939694023787e-01
6.999999999999999556e-01
6.999999999999999556e-01
6.299781639507682218e-01
0.000000000000000000e+00
1.901002460371950531e-02
7.336399013332102481e-02
1.336808498150298119e-01
1.874159301386896237e-01
2.017799770271498372e-01
1.777498748153596708e-01
1.206781329450410806e-01
5.863171402040084912e-02
1.440458213526221373e-03
-3.520567143541263044e-02
-3.183086126968286134e-02
2.814722296062740700e-03
8.246107519458428445e-03
-2.025474553251581464e-03
-2.723270386790667278e-04
4.178958269213743073e-04
-4.138867663499681045e-04
-7.179992279779046018e-05
2.336909177858140837e-04
1.943385260299484768e-04
1.515016051348388429e-04
5.060555272574893294e-05
-8.321262509243414261e-05
-1.203401810620681196e-04
-9.217447240512814720e-05
-6.153855951666236442e-05
-1.043367723823018498e-05
6.181044831241057065e-05
9.630471510808672419e-05
6.497845086036052066e-05
1.567507015997471461e-06
-4.703872788542544196e-05
-6.431475071702250339e-05
-5.866372723655412951e-05
-3.781973467272690861e-05
-4.250904971251278849e-06
3.542623305327719332e-05
7.009895361482889936e-05
7.980693856758086101e-05
5.715690679857893367e-05
1.119710377128584327e-05
-4.369511843622861234e-05
-8.204316054571971742e-05
-8.680561592731900124e-05
-5.413286772090571743e-05
5.977150513125184354e-06
6.238322774592322388e-05
8.843301106515215673e-05
7.583240822666152854e-05
3.793861257189105451e-05
-4.744254509956371017e-07
-3.122408630011304972e-05
-6.005363689919692474e-05
-8.444795839651785441e-05
-7.808877201967196098e-05
-4.097996805195369056e-05
-1.284637678159376067e-05
7.795905517661564683e-06
7.631089896223336780e-05
1.506064313955809476e-04
1.229533126506488871e-04
6.721058601156761547e-05
-7.893473429149907856e-06
-2.853697677659416954e-04
-1.895335635189110348e-04
4.310941533955398985e-04
-6.466716864768384029e-04
-4.462255667525411289e-04
5.173489501199129807e-03
-8.516765802911691052e-03
-2.716910285937765290e-02
-8.549364011024076018e-03
