0.000000000000000000e+00
7.205304234292390876e-07
2.040018749331069358e-05
1.486180221889825501e-04
5.626453318271201071e-04
1.351254915338677117e-03
2.375646464467570228e-03
3.953925769770762384e-03
5.853543748421458602e-03
7.982631799233365702e-03
1.024939307242910339e-02
1.256423169868377612e-02
1.488128298821354834e-02
1.719833427774333096e-02
1.951538556727312052e-02
2.183243685680291007e-02
2.414948814633269963e-02
2.646653943586248919e-02
2.878359072539227875e-02
3.110064201492206831e-02
3.341769330445185787e-02
3.573474459398164743e-02
3.805179588351143699e-02
4.036884717304122655e-02
4.268589846257101611e-02
4.500294975210080567e-02
4.732000104163059523e-02
4.963705233116038479e-02
5.193513610708950373e-02
5.428747244163747293e-02
5.663980877618544213e-02
5.899214511073341133e-02
6.134448144528138053e-02
6.369681777982938442e-02
6.604915411437742301e-02
6.840149044892546160e-02
7.075382678347350018e-02
7.310616311802153877e-02
7.545849945256957736e-02
7.781083578711761595e-02
8.016317212166565453e-02
8.251550845621369312e-02
8.486784479076173171e-02
8.722018112530977030e-02
8.957108901248833632e-02
9.187674641667788189e-02
9.404516947749838596e-02
9.598174643402185291e-02
9.759179129646489148e-02
9.867481341652759030e-02
9.946070040894453013e-02
9.986325411256495588e-02
9.998198295699414762e-02
9.999943543574407734e-02
9.999999999460042199e-02
0.000000000000000000e+00
6.571874904639738238e-03
2.508123554643255926e-02
5.552780618451653993e-02
9.456736079348389279e-02
1.339592623049505049e-01
1.675809386341326479e-01
2.069491542436082687e-01
2.463032405692868188e-01
2.856456291025554206e-01
3.249803568854907065e-01
3.643122966708651767e-01
4.036441066129676791e-01
4.429759165550701816e-01
4.823077264971726841e-01
5.216395364392751866e-01
5.609713463813776890e-01
6.003031563234801915e-01
6.396349662655826940e-01
6.789667762076851965e-01
7.182985861497876989e-01
7.576303960918902014e-01
7.969622060339927039e-01
8.362940159760952064e-01
8.756258259181977088e-01
9.149576358603002113e-01
9.542894458024027138e-01
9.936212557445052163e-01
1.032631093254086307e+00
1.072561864768910800e+00
1.112492636283735292e+00
1.152423407798559785e+00
1.192354179313384277e+00
1.232284950828208769e+00
1.272215722343033262e+00
1.312146493857857754e+00
1.352077265372682247e+00
1.392008036887506739e+00
1.431938808402331231e+00
1.471869579917155724e+00
1.511800351431980216e+00
1.551731122946804708e+00
1.591661894461629201e+00
1.631592665976453693e+00
1.671523521480426933e+00
1.711457003781287733e+00
1.751398141233625250e+00
1.791351140094713523e+00
1.831318559569812487e+00
1.866940395433658084e+00
1.906932466500643741e+00
1.946212154742421818e+00
1.976058762073800379e+00
1.993968125114705003e+00
1.999940000000000051e+00
1.570796326794896336e+00
1.570523562293939523e+00
1.568765670847829918e+00
1.564109520441261614e+00
1.555894036442855954e+00
1.545280068432651976e+00
1.535584861893701358e+00
1.526255112761048416e+00
1.519257401383497408e+00
1.514591727761048334e+00
1.512258091893701417e+00
1.511953968118191272e+00
1.511953968118191272e+00
1.511953968118191272e+00
1.511953968118191272e+00
1.511953968118191272e+00
1.511953968118191272e+00
1.511953968118191272e+00
1.511953968118191272e+00
1.511953968118191272e+00
1.511953968118191272e+00
1.511953968118191272e+00
1.511953968118191272e+00
1.511953968118191272e+00
1.511953968118191272e+00
1.511953968118191272e+00
1.511953968118191272e+00
1.511953968118191272e+00
1.511953968118191272e+00
1.511953968118191272e+00
1.511953968118191272e+00
1.511953968118191272e+00
1.511953968118191272e+00
1.511953968118191272e+00
1.511953968118191272e+00
1.511953968118191272e+00
1.511953968118191272e+00
1.511953968118191272e+00
1.511953968118191272e+00
1.511953968118191272e+00
1.511953968118191272e+00
1.511953968118191272e+00
1.511953968118191272e+00
1.511953968118191272e+00
1.512192021179415757e+00
1.514444439546762666e+00
1.519064408934517774e+00
1.526051929342681079e+00
1.535407000771252584e+00
1.545624661014284307e+00
1.556280263055100699e+00
1.564435807520343058e+00
1.568911809801911916e+00
1.570560878888327627e+00
1.570796146794896542e+00
1.000000000000000056e-01
1.000000000000000056e-01
1.194062500000000054e-01
1.790937500000000238e-01
1.970000000000000084e-01
1.970000000000000084e-01
1.970000000000000084e-01
1.970000000000000084e-01
1.970000000000000084e-01
1.970000000000000084e-01
1.970000000000000084e-01
1.970000000000000084e-01
1.970000000000000084e-01
1.970000000000000084e-01
1.970000000000000084e-01
1.970000000000000084e-01
1.970000000000000084e-01
1.970000000000000084e-01
1.970000000000000084e-01
1.970000000000000084e-01
1.970000000000000084e-01
1.970000000000000084e-01
1.970000000000000084e-01
1.970000000000000084e-01
1.970000000000000084e-01
1.970000000000000084e-01
1.970000000000000084e-01
1.970000000000000084e-01
2.000000000000000111e-01
2.000000000000000111e-01
2.000000000000000111e-01
2.000000000000000111e-01
2.000000000000000111e-01
2.000000000000000111e-01
2.000000000000000111e-01
2.000000000000000111e-01
2.000000000000000111e-01
2.000000000000000111e-01
2.000000000000000111e-01
2.000000000000000111e-01
2.000000000000000111e-01
2.000000000000000111e-01
2.000000000000000111e-01
2.000000000000000111e-01
2.000000000000000111e-01
2.000000000000000111e-01
2.000000000000000111e-01
2.000000000000000111e-01
2.000000000000000111e-01
2.000000000000000111e-01
2.000000000000000111e-01
1.820625000000000160e-01
1.223749999999999977e-01
1.000000000000000056e-01
1.000000000000000056e-01
0.000000000000000000e+00
-5.926989795918369275e-02
-1.184586734693878207e-01
-1.776474489795919209e-01
-2.368362244897960212e-01
-2.960250000000001491e-01
-2.693494897959184953e-01
-2.101607142857143951e-01
-1.509719387755102671e-01
-9.178316326530616687e-02
-3.259438775510209441e-02
0.000000000000000000e+00
0.000000000000000000e+00
0.000000000000000000e+00
0.000000000000000000e+00
0.000000000000000000e+00
0.000000000000000000e+00
0.000000000000000000e+00
0.000000000000000000e+00
0.000000000000000000e+00
0.000000000000000000e+00
0.000000000000000000e+00
0.000000000000000000e+00
0.000000000000000000e+00
0.000000000000000000e+00
0.000000000000000000e+00
0.000000000000000000e+00
0.000000000000000000e+00
0.000000000000000000e+00
0.000000000000000000e+00
0.000000000000000000e+00
0.000000000000000000e+00
0.000000000000000000e+00
0.000000000000000000e+00
0.000000000000000000e+00
0.000000000000000000e+00
0.000000000000000000e+00
0.000000000000000000e+00
0.000000000000000000e+00
0.000000000000000000e+00
0.000000000000000000e+00
0.000000000000000000e+00
0.000000000000000000e+00
0.000000000000000000e+00
2.375663265306123331e-02
8.294540816326534394e-02
1.421341836734694442e-01
2.013229591836735721e-01
2.605117346938776723e-01
2.990250000000001518e-01
2.397551020408164590e-01
1.805663265306123311e-01
1.213775510204082309e-01
6.218877551020413064e-02
3.000000000000002665e-03
